NAME: pdptw-n20-ber2
LOCATION: Berlin
COMMENT:  ber20-1
TYPE: PDPTW
SIZE: 101
DISTRIBUTION: cluster-random (10 / 1.2)
DEPOT: random
ROUTE-TIME: 5000
TIME-WINDOW: 240
CAPACITY: 100
NODES
0 52.54906620 13.20980210 0 0 5000 0 0 0
1 52.46465270 13.58450100 57 3124 3364 5 0 51
2 52.55332420 13.49962300 51 3335 3575 5 0 52
3 52.51288830 13.27920990 35 1182 1422 5 0 53
4 52.45922320 13.13294180 60 1069 1309 5 0 54
5 52.53333940 13.56985210 13 1774 2014 5 0 55
6 52.42064730 13.41567220 33 3090 3330 5 0 56
7 52.51652490 13.19731920 37 2178 2418 5 0 57
8 52.49934980 13.57793740 29 1807 2047 5 0 58
9 52.47551600 13.55960670 42 0 5000 5 0 59
10 52.42087450 13.41701100 24 4351 4591 5 0 60
11 52.52512520 13.19606000 54 1669 1909 5 0 61
12 52.44462710 13.59786790 60 4390 4630 5 0 62
13 52.41685560 13.40836340 25 389 629 5 0 63
14 52.45908270 13.13147480 48 2987 3227 5 0 64
15 52.51189830 13.25727430 25 2651 2891 5 0 65
16 52.46771700 13.57356830 31 3382 3622 5 0 66
17 52.47524310 13.56219960 19 4336 4576 5 0 67
18 52.47919330 13.34853740 56 1999 2239 5 0 68
19 52.49695080 13.31008590 52 990 1230 5 0 69
20 52.49855070 13.56291680 40 2663 2903 5 0 70
21 52.50869280 13.27510160 11 3632 3872 5 0 71
22 52.53043200 13.57179020 38 4444 4684 5 0 72
23 52.52317150 13.53251290 55 3211 3451 5 0 73
24 52.53319270 13.19559660 48 4790 5000 5 0 74
25 52.42000310 13.41374060 23 3423 3663 5 0 75
26 52.49128250 13.32401630 27 869 1109 5 0 76
27 52.44650510 13.57027460 41 4622 4862 5 0 77
28 52.52986180 13.56801880 34 3676 3916 5 0 78
29 52.51277670 13.16956810 10 4124 4364 5 0 79
30 52.45822680 13.12915180 13 2980 3220 5 0 80
31 52.54766770 13.48868660 23 3734 3974 5 0 81
32 52.49147870 13.31385450 35 1918 2158 5 0 82
33 52.41052440 13.38883230 39 2042 2282 5 0 83
34 52.52291260 13.19150390 53 3981 4221 5 0 84
35 52.46245560 13.12089270 32 1393 1633 5 0 85
36 52.62573050 13.30626570 34 1968 2208 5 0 86
37 52.44471010 13.26425010 49 3331 3571 5 0 87
38 52.42350000 13.33047920 33 2536 2776 5 0 88
39 52.48256320 13.57476170 57 1239 1479 5 0 89
40 52.53867340 13.40271260 52 3640 3880 5 0 90
41 52.50217430 13.49780400 36 4125 4365 5 0 91
42 52.54696820 13.31620730 59 1326 1566 5 0 92
43 52.48360050 13.55970060 39 682 922 5 0 93
44 52.39499240 13.39849510 49 0 5000 5 0 94
45 52.57554980 13.52027180 11 891 1131 5 0 95
46 52.61845600 13.30408920 28 3943 4183 5 0 96
47 52.56568990 13.36535880 22 337 577 5 0 97
48 52.40266120 13.39357460 48 4182 4422 5 0 98
49 52.51770120 13.25755890 44 0 5000 5 0 99
50 52.53045600 13.54317910 57 3180 3420 5 0 100
51 52.54747990 13.56888000 -57 3150 3390 5 1 0
52 52.55043510 13.48757110 -51 3344 3584 5 2 0
53 52.48750220 13.32023370 -35 1195 1435 5 3 0
54 52.55669580 13.43531300 -60 1127 1367 5 4 0
55 52.48072910 13.58446550 -13 1793 2033 5 5 0
56 52.60251620 13.39542550 -33 3145 3385 5 6 0
57 52.45945410 13.36407060 -37 2445 2685 5 7 0
58 52.51720300 13.34803070 -29 1850 2090 5 8 0
59 52.54935960 13.15173690 -42 0 5000 5 9 0
60 52.56585060 13.38795060 -24 4391 4631 5 10 0
61 52.45928720 13.12844030 -54 1930 2170 5 11 0
62 52.47206670 13.17505680 -60 4469 4709 5 12 0
63 52.58665370 13.35558790 -25 441 681 5 13 0
64 52.40842950 13.53039940 -48 3043 3283 5 14 0
65 52.50028660 13.29808240 -25 2664 2904 5 15 0
66 52.38792870 13.41151530 -31 3662 3902 5 16 0
67 52.54604320 13.17328900 -19 4396 4636 5 17 0
68 52.44057540 13.71729850 -56 2061 2301 5 18 0
69 52.46254750 13.58713640 -52 1029 1269 5 19 0
70 52.53268390 13.17355080 -40 2719 2959 5 20 0
71 52.51532730 13.19750860 -11 3649 3889 5 21 0
72 52.39441490 13.57501740 -38 4478 4718 5 22 0
73 52.43978260 13.53935960 -55 3250 3490 5 23 0
74 52.44108160 13.30256070 -48 4820 4972 5 24 0
75 52.56291440 13.17774430 -23 3471 3711 5 25 0
76 52.44259190 13.38609430 -27 890 1130 5 26 0
77 52.52789620 13.13690680 -41 4692 4932 5 27 0
78 52.54253460 13.39382610 -34 3948 4188 5 28 0
79 52.39671860 13.40869650 -10 4167 4407 5 29 0
80 52.59409830 13.43476070 -13 3274 3514 5 30 0
81 52.54034720 13.61630500 -23 3999 4239 5 31 0
82 52.47251450 13.58387180 -35 2199 2439 5 32 0
83 52.61684990 13.31228310 -39 2100 2340 5 33 0
84 52.39939850 13.57010030 -53 4030 4270 5 34 0
85 52.59302680 13.32443610 -32 1438 1678 5 35 0
86 52.44936860 13.34552590 -34 2003 2243 5 36 0
87 52.61766050 13.23568270 -49 3368 3608 5 37 0
88 52.51967160 13.61342760 -33 2589 2829 5 38 0
89 52.50122010 13.55355400 -57 1252 1492 5 39 0
90 52.43550680 13.57135770 -52 3678 3918 5 40 0
91 52.52042860 13.61371900 -36 4147 4387 5 41 0
92 52.50763510 13.59730200 -59 1369 1609 5 42 0
93 52.60493060 13.32466630 -39 730 970 5 43 0
94 52.53187640 13.37812770 -49 0 5000 5 44 0
95 52.53703680 13.50990390 -11 910 1150 5 45 0
96 52.52117670 13.60473320 -28 3999 4239 5 46 0
97 52.42489380 13.21731980 -22 371 611 5 47 0
98 52.44541040 13.37019620 -48 4199 4439 5 48 0
99 52.50127010 13.44267750 -44 0 5000 5 49 0
100 52.55465900 13.14896920 -57 3237 3477 5 50 0
EDGES
0 49 39 14 21 50 37 8 49 48 37 7 48 37 21 14 50 49 23 21 48 15 51 46 4 40 21 43 52 11 22 39 20 38 8 20 27 26 32 52 27 43 17 50 41 44 25 24 40 12 49 50 38 21 31 53 34 26 23 10 25 21 17 27 41 19 41 8 64 49 7 8 46 40 28 7 30 12 26 39 33 56 51 27 46 22 26 22 55 49 44 55 50 24 24 43 54 29 29 36 9
49 0 25 37 59 17 29 46 9 7 30 48 9 30 59 39 3 7 30 34 10 36 17 19 47 32 34 9 17 49 60 25 33 33 48 59 54 41 37 7 33 20 41 8 35 29 52 40 35 39 19 21 26 34 32 6 44 30 39 55 38 59 55 45 18 36 35 52 22 2 50 45 19 14 37 54 31 53 34 33 37 18 3 52 19 47 33 53 13 12 11 14 11 49 35 22 14 46 32 26 54
38 25 0 29 53 14 36 39 17 19 37 40 28 37 53 33 23 20 28 29 15 31 15 10 38 39 28 26 15 43 54 4 29 39 41 52 34 39 38 20 16 13 26 18 42 9 34 21 41 32 13 13 4 29 10 21 22 29 25 44 18 53 49 24 33 30 42 42 43 25 41 39 35 29 36 43 31 46 17 40 15 19 25 32 35 28 33 38 22 16 27 22 18 30 19 8 21 44 32 15 43
14 36 31 0 24 39 23 11 37 35 24 12 34 24 25 5 37 35 10 7 35 3 39 35 11 26 8 30 39 15 25 30 7 24 13 24 20 13 19 39 19 31 8 36 27 35 19 15 26 3 38 40 29 8 23 41 25 13 11 19 17 24 20 19 28 6 28 16 51 36 14 11 33 26 15 19 17 19 17 26 25 45 38 20 33 14 13 20 42 36 30 42 38 17 15 32 41 16 16 23 18
21 58 53 24 0 61 46 15 59 57 46 16 56 46 1 24 59 58 32 29 57 24 61 57 18 48 30 52 61 12 2 52 29 47 14 4 43 35 41 61 41 53 31 58 49 59 42 38 48 22 60 62 51 30 46 63 48 35 34 22 40 2 8 42 50 27 50 22 73 58 19 15 55 48 37 25 39 19 40 48 48 67 60 43 55 37 35 42 64 58 53 64 60 40 38 54 63 38 38 46 23
49 18 14 38 61 0 39 47 10 12 40 50 23 40 61 41 16 13 36 36 8 39 2 8 49 42 35 20 2 51 62 14 36 43 50 60 45 47 45 13 25 13 38 11 45 16 45 32 45 41 6 6 15 37 22 14 32 36 33 55 30 61 57 36 28 38 45 53 37 18 52 47 29 24 43 54 38 55 26 43 25 10 17 44 29 39 40 49 10 9 21 10 10 41 28 12 9 52 39 20 54
37 28 36 25 47 39 0 33 33 27 1 35 27 2 47 27 29 28 18 22 31 24 38 36 35 4 22 23 39 37 48 35 21 5 36 46 41 25 14 31 30 29 29 29 7 43 40 35 7 27 39 42 35 21 34 33 44 13 28 42 35 47 43 40 20 24 8 40 43 28 38 33 25 19 19 42 8 41 30 5 41 44 30 41 25 35 13 41 41 33 23 41 37 38 28 34 41 29 10 25 42
8 44 40 11 15 48 32 0 46 44 33 3 43 32 15 10 46 44 18 16 44 10 48 43 5 35 17 39 48 5 16 39 15 33 3 15 30 22 28 48 28 40 18 45 36 45 29 25 35 9 46 49 38 16 33 49 35 22 20 12 26 15 11 29 37 14 36 10 59 45 8 1 42 35 24 12 26 9 27 35 34 53 47 30 41 24 22 29 51 45 39 51 47 27 25 40 50 25 25 32 12
49 9 17 37 59 9 34 46 0 7 34 48 15 34 60 40 7 7 34 35 5 38 9 11 47 37 34 15 9 49 60 17 35 37 48 59 46 46 42 4 25 12 37 5 40 22 46 33 39 40 11 13 18 36 24 5 36 35 32 54 31 59 55 37 23 36 40 52 28 9 50 46 24 18 42 54 35 53 26 38 29 13 9 44 24 39 38 50 9 7 16 9 4 42 27 15 8 51 36 19 54
48 7 20 36 57 12 28 44 7 0 28 46 11 28 58 38 5 1 29 33 5 35 12 14 46 30 32 9 12 48 58 20 32 31 46 57 49 40 36 5 28 14 40 2 33 24 49 35 33 38 14 16 21 32 26 7 39 28 34 53 33 58 53 39 16 35 34 51 26 7 48 44 18 12 35 53 29 52 29 32 32 18 7 47 18 42 32 52 14 7 10 15 10 44 30 17 14 45 30 22 52
37 28 36 25 47 39 1 34 34 28 0 36 27 2 48 28 30 28 19 22 32 24 39 36 35 4 22 23 39 37 48 35 22 6 36 47 42 25 14 32 30 29 29 29 8 43 40 35 7 27 39 43 36 22 34 33 45 14 28 43 35 47 43 40 20 24 8 41 44 29 38 34 26 19 20 42 8 41 30 6 41 45 31 41 26 35 13 42 41 34 23 41 37 38 28 35 41 30 10 25 42
7 46 41 12 16 50 34 3 48 46 35 0 45 35 16 12 48 46 21 18 46 12 50 46 4 37 19 41 50 6 17 41 17 35 3 16 30 24 30 50 29 42 18 47 38 45 28 25 37 10 49 51 39 18 33 52 35 24 22 12 27 16 12 29 39 16 39 10 62 47 7 3 44 37 26 12 28 10 27 37 35 56 49 30 44 24 24 28 53 47 41 53 49 27 25 43 52 27 27 34 12
48 8 28 36 58 23 27 44 16 11 28 46 0 28 58 38 9 12 29 33 15 35 22 24 46 30 33 6 23 48 59 29 32 31 47 57 52 40 36 13 36 21 40 13 33 35 50 44 33 38 24 26 29 32 35 13 48 29 39 53 42 58 54 48 16 35 33 51 20 8 49 44 17 11 36 53 29 52 36 31 41 25 10 52 17 46 32 52 21 17 7 21 19 48 36 26 22 45 30 26 52
37 29 37 24 46 40 3 33 34 28 3 35 28 0 47 27 30 29 18 22 32 24 39 37 35 5 21 24 40 37 47 36 21 4 35 46 41 24 13 32 29 30 29 30 6 44 39 35 6 27 40 43 36 21 33 34 44 13 28 42 35 46 42 40 21 24 7 40 44 29 37 33 26 20 19 41 7 41 29 5 41 45 31 40 26 34 12 41 42 34 24 42 38 37 27 35 42 29 9 26 41
21 58 53 25 1 61 46 16 59 57 46 16 57 46 0 24 60 58 32 30 58 24 61 57 18 49 30 53 62 13 1 52 29 47 15 5 44 36 42 62 41 53 32 59 50 59 42 39 49 23 60 63 52 30 46 63 49 35 34 22 40 2 9 43 51 28 50 22 73 58 19 15 55 49 37 25 40 19 41 49 48 67 60 44 55 37 36 42 65 59 53 65 61 40 38 54 64 38 38 46 23
13 38 34 4 22 42 26 9 40 38 27 11 37 26 23 0 40 38 12 10 38 4 42 37 10 29 11 33 42 12 23 33 9 27 11 22 23 16 22 42 22 34 11 39 30 38 22 18 29 2 40 43 32 10 26 43 28 16 14 19 20 22 18 22 31 8 30 16 54 39 13 9 36 29 18 18 20 16 20 29 27 48 41 23 36 17 16 23 45 39 33 45 41 20 18 35 44 19 19 26 18
49 3 23 37 59 16 29 46 7 5 30 48 9 30 59 39 0 4 30 34 8 36 15 17 47 32 34 9 15 49 60 23 33 33 48 59 52 41 37 5 31 18 41 6 35 28 52 39 35 39 17 19 24 34 30 7 43 30 38 55 37 59 55 43 18 36 35 52 22 3 50 45 19 14 37 54 30 53 32 33 35 19 4 50 19 46 33 53 15 10 11 15 10 48 33 21 14 46 32 25 54
48 6 21 36 58 13 28 45 8 1 29 47 12 29 59 39 4 0 30 33 6 35 12 15 46 31 33 9 13 48 59 21 33 32 47 58 50 40 37 5 28 14 40 3 34 25 50 36 34 38 15 17 21 33 27 7 40 29 35 54 34 58 54 40 17 35 34 52 26 7 49 45 18 13 36 53 30 52 30 32 33 18 7 48 18 43 32 53 15 8 10 16 11 45 30 18 15 45 31 22 53
23 30 28 11 33 36 18 20 34 30 19 22 29 18 33 13 32 30 0 8 32 10 36 31 21 21 7 25 36 23 34 27 7 19 22 33 27 14 13 34 18 27 15 31 22 35 26 22 21 13 34 38 28 7 24 35 32 7 12 29 23 33 29 26 23 10 22 26 46 31 24 19 28 21 10 28 12 27 18 21 30 42 33 27 28 21 7 27 39 33 25 39 35 24 15 29 38 19 10 19 28
20 34 29 7 29 36 22 16 34 33 22 18 33 22 30 10 35 34 8 0 33 7 36 32 17 25 4 28 37 19 30 27 3 23 18 29 25 13 18 37 17 28 12 35 26 34 23 19 25 10 35 38 27 4 22 39 29 11 10 26 20 29 25 23 26 3 26 23 49 34 20 16 31 25 14 25 15 23 17 24 28 42 36 24 31 18 11 25 40 34 29 40 36 21 14 29 39 19 14 20 25
48 10 16 36 58 8 32 45 5 5 32 47 16 32 58 38 8 6 33 33 0 36 8 10 46 35 33 13 8 48 59 16 33 36 47 58 45 44 40 5 24 10 36 4 38 20 45 31 37 38 10 12 17 34 22 6 35 33 30 53 29 58 54 35 21 35 38 51 30 10 49 44 22 16 40 52 33 52 25 36 28 14 10 43 22 38 36 49 11 3 14 11 7 40 26 13 10 49 34 17 52
14 36 31 3 23 39 24 10 37 35 24 12 35 24 24 4 37 36 10 8 36 0 39 35 11 27 8 30 39 13 24 30 7 25 12 23 22 14 19 39 19 31 9 37 28 37 20 17 27 3 38 40 30 8 24 41 27 13 12 20 18 23 19 20 28 6 28 17 51 36 14 10 33 27 15 19 17 17 19 27 26 45 38 21 33 15 13 22 42 36 31 42 38 18 16 32 41 17 16 24 19
50 17 15 39 61 2 39 48 9 12 39 50 22 39 61 41 15 13 36 37 8 39 0 9 49 42 36 20 1 51 62 15 36 43 50 61 46 47 45 12 26 14 39 10 45 18 46 33 44 41 7 7 16 37 23 13 33 36 33 56 31 61 57 37 28 38 45 54 37 17 52 47 29 23 43 55 38 55 27 43 26 9 17 45 29 40 40 50 8 8 21 8 8 42 29 13 7 53 40 21 55
45 20 10 34 57 8 36 43 12 14 36 45 25 36 57 37 18 15 32 32 10 35 9 0 45 39 31 22 9 47 58 10 32 40 46 56 41 43 41 15 21 9 33 13 42 16 41 27 42 37 7 10 11 33 17 16 29 32 29 50 25 57 53 31 30 34 42 48 39 20 48 43 31 25 39 50 34 51 22 40 22 15 20 39 31 34 36 45 16 11 23 16 13 36 24 7 15 48 35 16 49
5 46 39 11 18 49 34 5 47 45 34 4 45 34 18 11 48 46 20 18 46 12 49 45 0 37 18 41 49 8 19 39 17 35 5 17 27 24 30 50 27 41 16 47 38 44 26 24 37 9 48 50 38 18 31 51 34 23 22 9 25 18 14 28 39 15 38 6 61 46 4 5 43 37 25 9 28 8 26 37 33 55 48 27 43 22 23 26 53 47 41 53 48 24 24 42 52 26 26 34 9
38 29 37 26 47 39 2 34 34 28 2 36 27 3 48 28 30 29 19 23 32 25 39 37 36 0 22 23 39 38 48 36 22 6 36 47 42 26 15 32 31 29 30 29 8 43 40 36 8 28 40 43 36 22 34 34 45 14 29 43 36 48 43 41 20 25 8 41 44 29 38 34 26 19 20 43 9 42 31 6 42 45 31 41 26 35 14 42 42 34 24 42 37 38 28 35 41 30 11 25 42
21 34 28 9 31 35 22 17 33 33 22 19 32 22 31 11 35 34 6 4 32 8 35 31 19 24 0 28 36 21 32 26 2 23 20 30 25 13 17 37 16 28 13 34 25 33 23 19 24 11 34 37 26 3 21 38 29 11 10 26 21 31 27 24 26 6 26 24 49 34 22 17 31 24 13 26 15 25 16 24 28 41 36 25 31 19 11 25 39 33 29 39 35 21 13 28 38 20 14 19 25
43 9 26 31 53 20 23 40 15 8 23 42 6 23 54 34 11 9 25 29 13 31 19 22 41 26 28 0 20 43 54 26 28 27 42 53 48 35 32 13 31 18 35 10 29 32 46 39 28 34 22 24 26 28 32 14 44 24 34 49 38 53 49 44 12 30 29 47 22 9 44 40 13 7 31 48 25 47 32 27 38 25 11 47 12 41 28 48 22 15 3 22 18 44 32 23 22 41 26 21 48
50 17 15 38 61 2 38 47 9 11 39 49 22 39 61 41 15 12 36 36 7 39 1 9 49 41 35 19 0 51 61 15 36 42 50 60 46 47 45 12 26 13 38 10 44 18 46 32 44 41 7 7 15 37 22 13 33 36 33 55 30 61 57 36 27 37 45 53 36 17 51 47 28 23 43 55 38 55 27 42 26 9 17 44 28 39 40 50 9 8 21 9 9 41 28 12 8 52 39 20 54
11 48 43 14 12 51 36 5 49 47 36 6 47 36 13 14 49 48 22 19 48 14 51 47 8 39 20 42 51 0 13 42 19 37 4 12 34 26 31 51 31 43 21 49 40 49 32 28 39 13 50 52 42 20 36 53 39 25 24 11 30 12 10 32 40 17 40 12 63 48 9 5 45 39 27 15 29 8 31 38 38 57 50 33 45 27 25 32 55 49 43 54 50 30 28 44 53 28 28 36 12
22 59 54 25 2 62 47 16 60 58 47 17 57 47 1 25 60 59 33 30 59 25 62 58 19 49 31 53 62 13 0 53 30 48 15 5 45 36 42 62 42 54 32 59 50 60 43 39 50 23 61 63 53 31 47 64 50 36 35 23 41 2 9 43 51 28 51 23 74 59 20 16 56 49 38 26 40 20 41 49 49 68 61 44 56 38 36 43 65 59 54 65 61 41 39 55 64 39 39 47 24
37 25 4 28 52 14 35 38 17 20 36 39 29 36 52 32 23 21 27 28 16 30 15 10 38 38 27 26 16 42 53 0 27 38 40 51 33 38 37 20 15 14 26 19 40 12 33 20 40 31 13 14 2 28 9 21 22 28 24 43 17 52 48 23 34 29 41 41 43 25 40 38 35 30 35 42 30 45 16 39 16 20 25 32 35 27 32 37 22 17 27 22 18 29 18 7 21 43 31 14 42
20 33 29 8 30 37 21 16 35 33 22 18 32 21 30 10 35 33 7 2 33 7 37 33 18 24 3 28 37 20 31 28 0 22 19 29 24 12 17 37 18 29 12 34 25 35 22 19 24 10 36 38 27 2 23 38 29 11 11 25 20 30 26 23 26 4 25 23 48 34 21 16 31 24 13 25 15 24 17 24 28 43 36 24 30 18 11 24 40 34 28 40 36 20 15 30 39 19 14 21 24
38 31 39 26 48 42 5 34 37 30 5 36 30 4 48 28 33 31 19 23 35 25 42 39 36 8 22 26 42 38 49 37 22 0 37 47 42 24 13 35 30 32 30 32 8 45 40 36 5 28 42 46 38 22 34 36 45 14 29 43 36 48 44 41 23 25 8 41 46 32 39 34 29 22 18 43 8 42 30 6 42 47 34 42 28 36 13 42 44 37 26 44 40 38 28 38 44 28 10 28 42
7 47 42 14 15 50 35 4 48 46 35 2 46 35 15 13 49 47 21 19 47 13 50 46 4 38 19 42 51 5 15 41 18 36 0 14 30 25 31 51 29 42 19 48 39 46 28 26 38 11 49 52 40 19 34 52 36 24 23 11 28 15 11 30 40 17 39 9 62 47 6 4 44 38 26 12 29 9 28 38 35 56 49 30 44 25 25 28 54 48 42 54 50 27 26 43 53 27 27 35 11
20 57 53 24 4 61 45 15 59 57 46 16 56 46 5 23 59 57 31 29 57 23 61 56 17 48 30 52 61 12 5 52 28 46 14 0 43 35 41 61 41 53 31 58 49 58 42 38 48 22 59 62 51 29 46 63 48 35 33 22 40 4 10 42 50 27 49 22 73 58 18 15 55 48 37 25 39 18 40 48 47 67 60 43 55 37 35 41 64 58 52 64 60 40 38 54 63 38 38 45 22
27 53 34 19 42 45 41 29 47 49 41 29 51 41 43 23 52 50 27 24 45 21 46 41 27 43 25 47 46 32 43 34 24 42 31 42 0 30 36 50 24 41 16 48 44 37 3 16 43 21 44 44 32 25 26 51 20 30 26 32 19 42 38 14 45 23 45 30 68 53 30 29 50 43 32 31 34 35 22 43 24 51 54 4 50 9 30 15 52 46 48 52 48 6 23 38 51 33 33 35 32
27 40 39 15 36 46 24 23 44 39 25 25 38 24 37 17 41 40 14 13 43 14 46 42 25 28 13 34 47 27 37 38 12 23 25 36 32 0 12 43 28 36 19 40 23 45 30 26 25 17 45 48 38 13 33 45 37 17 22 33 28 37 32 30 32 13 25 30 55 40 27 23 37 30 8 32 19 31 28 25 36 52 42 31 37 25 14 32 50 44 35 50 46 28 25 40 49 9 17 30 32
33 37 38 20 42 45 14 29 42 36 14 31 36 14 43 23 38 37 14 18 40 20 45 41 30 17 17 31 45 32 43 37 17 13 31 42 37 12 0 40 30 33 25 38 12 45 35 32 15 23 44 47 37 16 33 42 42 12 24 38 33 42 38 36 29 19 14 36 52 37 33 29 34 28 6 38 10 37 29 15 41 51 39 37 34 31 8 37 48 42 32 48 44 33 27 38 47 17 8 28 37
52 7 20 40 62 13 32 49 4 5 33 51 13 33 62 42 5 5 33 37 6 39 12 15 50 35 37 13 13 52 63 21 36 36 51 62 49 44 40 0 28 15 40 4 38 25 49 36 38 42 14 16 21 37 27 3 40 33 35 58 34 62 58 40 21 39 38 55 26 7 53 48 22 17 40 57 34 56 29 36 33 16 7 48 22 43 36 54 12 8 14 12 8 45 30 18 12 49 35 22 57
27 32 15 18 41 25 30 28 24 27 30 29 36 30 42 22 30 28 18 17 23 20 26 21 27 33 16 32 26 31 42 15 17 30 30 41 24 28 29 27 0 18 15 26 33 20 24 10 32 20 24 25 13 18 8 28 18 21 12 32 9 41 37 15 34 19 34 30 50 32 30 28 38 30 26 32 23 35 3 32 14 32 32 22 38 17 23 28 30 24 33 30 25 19 5 17 28 33 24 13 32
42 19 13 30 53 14 28 39 11 13 29 42 21 29 53 33 17 14 27 28 10 31 13 9 41 31 27 18 14 43 54 14 28 32 42 52 40 37 34 15 18 0 30 13 34 20 40 27 34 33 12 16 14 28 19 16 31 26 25 48 24 53 49 31 26 30 34 46 35 19 44 39 27 19 33 47 27 47 19 32 26 19 19 38 27 33 30 44 17 11 20 17 13 36 20 11 16 43 28 10 47
17 42 27 8 32 38 30 19 37 39 30 19 41 30 32 12 43 40 16 13 35 10 39 34 18 33 14 37 39 22 33 27 13 31 20 32 17 20 26 40 15 31 0 38 34 32 15 11 33 11 37 37 25 14 19 41 22 20 12 23 13 32 28 16 35 13 34 21 57 42 21 18 39 33 21 22 24 25 13 33 21 44 44 17 39 11 20 17 42 36 37 42 38 13 11 30 41 23 22 23 22
49 8 19 37 59 11 29 46 6 2 30 48 13 30 59 39 6 3 30 34 4 36 10 13 47 32 34 10 11 49 60 19 33 33 48 59 48 41 37 4 26 13 38 0 35 23 48 34 35 39 13 15 19 34 25 6 38 30 33 55 32 59 55 38 18 36 35 52 27 8 50 45 19 14 37 54 30 53 28 33 31 16 9 46 19 41 33 52 13 6 11 14 9 43 28 16 13 46 32 20 54
41 33 42 29 51 44 7 37 39 33 8 39 32 7 51 31 35 33 22 26 37 28 44 41 39 10 26 28 44 41 51 40 25 8 40 50 45 23 12 37 33 34 33 34 0 48 43 39 5 31 44 48 41 25 37 39 48 17 32 46 39 51 47 44 25 28 3 44 49 34 42 37 31 24 18 46 11 45 33 4 45 50 36 45 31 39 16 45 46 39 29 47 42 41 31 40 46 28 13 30 45
43 31 9 34 57 17 43 44 23 25 44 44 35 44 58 38 29 26 35 34 21 35 18 16 43 46 33 32 18 47 58 12 34 45 45 57 37 45 44 26 21 20 31 24 48 0 37 25 47 36 15 14 11 35 14 27 21 36 30 48 22 57 53 27 40 35 49 46 49 31 46 44 41 36 42 47 38 50 22 47 14 20 31 35 41 30 39 41 25 22 33 24 24 32 24 14 24 48 39 22 47
25 51 34 17 41 45 39 27 46 49 39 28 50 39 41 21 52 50 25 23 45 19 46 40 25 42 23 45 46 31 42 33 22 40 29 40 3 28 34 49 24 40 15 48 43 37 0 16 42 20 43 44 32 23 26 50 20 28 25 31 19 41 37 14 43 21 43 29 66 51 28 27 48 42 30 29 32 33 22 41 24 50 53 3 48 9 28 14 52 46 46 52 47 6 22 38 51 32 31 34 30
23 41 22 14 38 33 35 25 33 36 36 25 44 35 38 18 39 37 22 19 32 16 34 29 24 38 19 40 34 28 39 22 19 36 26 38 16 26 32 36 11 27 12 35 39 25 16 0 38 17 32 32 20 20 14 37 14 25 15 29 5 38 34 8 40 19 39 27 59 41 27 24 45 38 27 28 29 31 9 38 13 39 41 15 45 10 26 21 39 33 41 38 34 12 10 26 37 29 28 21 28
40 33 41 28 50 44 7 36 39 32 7 38 32 6 50 30 35 33 21 25 37 27 44 41 38 10 24 28 44 40 51 40 24 5 39 49 44 26 15 37 33 34 32 34 5 47 42 38 0 30 44 48 40 24 36 38 47 16 31 45 38 50 46 43 25 27 6 43 48 33 41 36 30 24 20 45 10 44 32 5 44 49 36 44 30 38 15 44 46 39 28 46 42 40 30 40 46 30 12 30 44
12 38 33 3 23 41 26 9 39 37 27 10 37 26 23 3 40 38 12 10 38 4 41 37 9 29 10 33 42 13 24 32 9 27 11 22 22 16 22 42 20 34 10 39 30 37 21 17 29 0 40 43 31 10 25 43 27 16 14 17 19 23 19 21 31 8 30 14 53 39 12 9 35 29 17 16 20 16 19 29 26 47 41 22 35 16 16 22 45 39 33 45 41 19 17 34 44 19 19 26 16
48 20 12 37 60 5 39 46 12 15 39 48 25 39 60 40 18 16 35 35 10 38 6 7 48 42 34 23 7 50 60 13 35 43 49 59 44 46 44 15 23 12 36 13 45 15 44 30 44 40 0 7 13 36 20 16 30 35 32 53 28 60 56 34 30 36 45 51 39 20 50 46 32 26 42 52 37 54 25 43 23 12 20 42 32 37 39 48 13 11 24 13 13 39 26 10 12 51 38 19 52
49 21 13 39 62 6 43 48 13 16 43 50 26 43 62 42 19 17 37 37 11 40 7 11 49 46 36 24 7 52 63 14 37 46 51 61 44 48 46 16 25 16 37 14 49 13 44 31 48 42 8 0 14 38 20 17 29 37 34 54 28 62 58 34 31 38 49 52 41 21 52 48 33 27 44 53 40 56 26 47 21 9 21 43 33 38 41 48 14 12 25 13 14 40 28 12 13 54 41 23 53
36 25 3 27 50 14 36 37 17 20 37 38 29 37 51 31 23 21 28 27 16 29 15 10 36 39 26 26 16 41 51 2 27 38 39 50 32 38 37 20 13 14 24 19 41 11 32 18 40 29 13 14 0 28 8 21 21 28 23 41 16 51 46 22 34 28 41 39 43 25 39 37 35 30 35 41 31 44 15 40 14 20 25 30 35 25 32 36 22 17 27 22 18 27 17 8 21 42 32 15 40
21 33 30 8 30 37 21 17 35 33 22 19 32 21 31 11 35 33 6 4 34 8 37 33 19 24 3 28 38 20 31 28 2 22 19 30 25 13 16 37 18 29 13 34 25 35 23 20 24 11 36 39 28 0 23 38 30 11 12 26 21 30 26 24 26 6 25 24 48 34 21 17 30 24 12 25 15 25 18 24 29 43 36 24 30 18 11 25 41 35 28 41 37 21 15 30 40 20 14 20 25
29 31 10 20 44 21 34 31 23 26 34 31 35 34 44 24 29 27 23 22 22 22 22 16 30 36 21 32 22 34 45 9 22 34 32 44 26 32 33 27 8 18 18 25 37 14 25 12 36 23 20 20 8 23 0 28 16 24 18 35 10 44 40 16 36 24 38 33 50 32 33 30 39 31 31 34 27 37 9 36 9 26 31 24 39 19 28 30 28 23 34 28 25 21 11 14 27 35 28 14 34
53 6 21 41 63 14 33 50 5 7 34 52 13 34 64 44 7 7 35 38 6 40 13 15 51 36 38 13 14 53 64 21 38 37 52 63 50 45 42 3 29 16 41 6 39 26 50 37 39 43 15 17 22 38 28 0 41 34 36 59 35 63 59 41 22 40 40 57 26 7 54 50 23 18 41 58 35 57 30 37 33 17 6 49 23 44 38 54 13 8 15 13 9 46 31 19 12 51 36 23 58
33 43 22 24 48 32 44 34 35 38 44 35 47 44 48 28 41 39 31 29 34 26 33 28 34 47 29 44 34 38 49 21 29 44 36 47 20 36 42 39 17 30 22 37 47 21 20 13 46 27 30 29 20 30 16 40 0 35 24 39 11 48 44 12 48 29 48 37 62 44 36 34 51 42 37 38 37 41 16 46 8 35 43 18 51 14 35 27 40 35 46 40 37 15 18 26 39 39 38 26 38
27 30 29 15 36 36 13 23 34 29 14 25 28 13 37 17 31 29 7 12 33 14 36 32 25 17 11 24 37 27 37 28 11 14 25 36 31 17 11 33 21 26 19 30 17 36 29 26 16 17 35 38 29 11 25 35 35 0 18 32 26 37 32 30 22 14 17 30 45 30 27 23 27 20 14 32 7 31 21 16 32 42 32 31 27 24 7 31 40 34 24 40 36 27 19 30 39 23 6 19 31
23 40 25 11 34 34 28 20 32 35 28 23 38 28 34 14 38 36 12 10 31 12 34 30 22 30 10 34 34 24 35 25 11 29 23 33 26 22 23 35 12 26 12 33 31 30 25 15 30 14 33 35 23 12 18 36 25 17 0 29 16 34 30 20 32 12 32 27 55 40 25 20 37 30 20 28 21 28 12 30 23 40 40 24 37 19 17 27 37 31 35 37 33 21 9 27 36 26 20 19 28
10 54 45 19 22 56 42 12 55 53 42 12 53 42 22 19 56 54 28 26 53 20 57 51 9 45 26 49 57 11 23 44 25 43 11 21 33 32 38 58 32 49 22 55 46 49 31 29 45 17 55 55 43 26 37 59 39 31 29 0 30 22 19 33 47 24 46 5 69 54 8 12 51 45 33 7 36 9 31 45 38 61 56 33 51 28 32 29 60 54 49 60 56 29 29 48 59 35 34 41 2
25 38 18 16 39 29 35 26 30 33 36 26 42 35 40 20 36 34 22 21 29 18 30 24 25 38 21 38 30 29 40 17 21 36 28 39 19 27 33 33 9 24 13 32 39 22 19 5 38 18 27 28 16 22 10 34 12 26 16 30 0 39 35 10 40 20 39 28 56 38 28 26 44 36 29 30 29 33 7 38 10 34 38 17 44 13 27 23 35 30 40 35 31 15 10 22 34 30 29 19 29
21 58 53 24 2 61 46 15 59 57 46 16 57 46 2 24 59 58 32 29 58 24 61 57 18 49 30 52 61 12 2 52 29 47 14 4 44 35 41 61 41 53 31 59 50 59 42 38 49 23 60 62 52 30 46 63 49 35 34 22 40 0 9 42 50 27 50 22 73 58 19 15 55 49 37 25 39 19 41 48 48 67 60 43 55 37 35 42 64 59 53 64 60 40 38 54 63 38 38 46 23
17 54 49 20 8 57 42 11 55 53 42 12 52 42 9 20 55 53 28 25 53 20 57 53 14 44 26 48 57 11 9 48 25 43 11 10 40 31 37 57 37 49 27 54 45 55 38 34 44 18 56 58 47 26 42 59 44 31 29 19 36 9 0 38 46 23 46 18 69 54 15 11 51 44 33 21 35 16 36 44 44 63 56 39 51 33 31 38 60 54 49 60 56 36 34 50 59 34 34 41 20
27 44 23 18 42 34 40 28 36 39 40 29 48 40 42 22 42 40 26 24 35 20 35 30 27 43 24 44 36 32 43 23 23 41 30 41 14 30 35 39 15 30 16 37 44 26 14 8 43 21 33 33 21 24 15 40 12 29 20 33 9 42 38 0 44 23 44 31 62 44 30 28 49 42 31 32 33 35 13 42 14 40 44 12 49 7 29 20 41 35 46 41 37 10 15 28 40 33 32 25 32
41 17 34 29 51 28 20 38 23 16 20 40 16 20 51 31 19 17 23 26 21 28 28 30 39 23 26 12 28 41 52 34 26 23 40 51 46 33 29 21 34 26 33 18 26 40 44 40 25 31 30 32 35 26 36 22 48 22 32 47 40 51 47 44 0 28 26 44 32 17 42 37 12 10 29 46 23 45 34 24 44 33 19 45 11 39 25 46 30 23 12 30 26 42 32 31 30 38 24 25 46
19 35 30 6 28 38 23 15 36 34 23 17 34 23 28 8 37 35 9 4 35 5 38 34 16 26 6 30 38 18 29 29 5 24 17 28 25 13 19 39 19 30 12 36 27 36 23 19 26 8 37 39 29 6 24 40 30 12 12 24 21 28 24 23 28 0 27 21 50 35 19 15 32 26 14 24 17 22 19 26 29 44 37 24 32 18 12 25 41 35 30 41 37 21 16 31 40 19 15 22 24
41 34 42 29 51 45 8 37 39 33 8 40 33 7 51 31 35 34 22 26 37 28 44 42 39 10 26 28 44 41 52 41 25 8 40 50 45 26 14 37 34 34 33 35 4 49 44 39 6 31 45 48 41 25 37 39 48 17 32 47 39 51 47 44 26 28 0 44 49 34 42 37 31 25 20 46 11 45 34 4 45 50 36 45 31 39 16 45 47 39 29 47 43 42 31 40 47 30 14 31 46
7 51 42 17 22 53 39 10 52 51 40 10 50 40 22 16 53 51 26 23 51 17 54 49 6 42 24 46 54 12 23 42 22 40 9 22 30 29 35 55 30 46 19 52 43 47 28 26 42 14 52 52 40 23 34 56 37 29 26 6 28 22 18 30 44 21 44 0 67 52 6 10 49 42 31 7 33 11 29 42 36 59 54 30 49 25 29 27 58 52 46 57 53 27 27 45 56 32 32 39 5
64 21 42 52 74 37 43 60 29 25 44 62 20 44 74 54 23 26 45 49 29 51 36 38 62 46 49 22 37 64 75 43 48 47 63 73 68 56 52 27 50 35 56 27 49 49 67 58 49 54 38 40 43 48 49 26 62 45 55 69 56 74 70 62 32 51 49 67 0 21 65 60 33 27 52 69 46 68 51 47 55 39 23 68 33 62 48 68 34 31 23 34 32 64 52 40 35 61 47 41 68
49 1 25 37 59 18 29 45 9 7 29 47 8 29 59 39 3 7 30 34 10 36 17 19 47 32 34 9 18 49 59 26 33 32 48 58 53 41 37 7 33 19 41 8 35 30 51 41 34 39 19 21 26 33 32 7 45 30 40 54 39 59 55 45 17 36 35 52 22 0 50 45 19 13 37 54 30 53 34 33 37 19 4 53 19 47 33 53 14 13 10 15 12 49 35 23 15 46 31 26 53
7 49 42 14 19 52 37 7 50 48 37 7 48 37 19 13 50 49 23 20 49 15 52 48 3 40 21 43 52 9 20 42 20 38 6 19 30 26 32 52 30 44 19 50 41 47 28 26 40 11 51 52 40 21 34 54 37 26 25 8 28 19 15 30 41 18 41 6 64 49 0 8 46 40 28 9 30 7 28 39 36 58 51 30 46 25 26 28 55 49 44 55 51 27 27 45 54 29 29 37 9
8 44 40 11 15 47 32 1 45 43 32 3 43 32 15 10 46 44 18 16 44 10 47 43 5 35 16 39 48 5 16 38 15 33 3 15 30 22 28 48 28 39 18 45 36 45 28 25 35 9 46 49 38 16 32 49 35 22 20 12 26 15 11 29 37 14 36 10 59 44 8 0 41 35 23 12 26 9 27 35 34 53 46 30 41 23 22 29 51 45 39 51 47 26 25 40 50 25 24 32 12
46 18 35 34 56 29 26 43 24 18 26 45 17 26 56 36 20 18 28 31 22 33 29 31 44 29 31 13 29 46 57 35 31 29 45 56 51 38 35 22 38 28 38 19 32 41 49 45 31 36 31 33 36 31 39 24 51 27 37 52 44 56 52 49 12 33 32 50 33 19 47 43 0 11 34 51 28 50 38 30 47 35 21 50 3 44 30 51 31 24 10 32 27 47 37 33 31 43 29 28 51
40 13 29 28 50 24 19 36 18 12 20 38 11 20 50 30 14 13 21 25 16 27 23 25 38 22 25 7 24 40 51 28 24 23 39 49 44 32 28 16 29 19 32 14 25 36 43 37 25 30 25 27 29 24 30 18 42 21 31 45 35 50 46 42 10 27 25 43 27 13 41 36 11 0 28 45 22 44 29 23 38 29 15 44 11 38 24 44 26 18 8 26 22 40 29 27 26 37 22 19 44
28 35 35 16 38 42 19 25 40 35 20 27 34 19 38 18 37 35 10 13 39 15 42 38 26 23 12 30 42 28 39 34 12 18 27 38 33 8 6 39 26 32 20 36 18 42 31 27 20 18 41 44 34 12 31 41 38 13 20 34 29 38 34 31 28 15 20 31 51 36 29 24 33 26 0 33 14 32 26 20 37 48 38 32 33 26 9 33 46 40 30 46 41 29 23 36 45 13 12 25 33
7 54 44 19 25 55 42 12 54 53 42 12 52 42 25 18 55 54 28 25 53 20 56 51 9 44 26 48 56 15 26 44 25 43 12 25 31 31 37 57 32 48 21 54 45 49 29 28 44 16 54 54 42 26 36 58 39 31 28 7 30 25 21 32 46 23 46 8 69 54 9 12 51 44 33 0 35 13 30 44 38 61 56 31 51 27 31 25 60 54 49 59 55 29 29 47 58 34 34 41 6
31 30 32 19 41 39 7 27 36 29 8 29 29 7 41 21 32 30 12 16 34 18 39 34 29 10 16 25 39 31 42 31 15 8 30 40 35 19 11 34 24 27 23 31 11 39 34 29 10 21 37 41 31 15 27 35 38 7 22 36 29 41 37 34 23 18 11 34 46 30 32 27 28 21 14 36 0 35 23 10 35 44 32 35 28 29 7 35 42 36 25 42 38 32 21 32 41 25 4 22 36
12 52 47 18 19 55 40 9 53 51 40 11 51 40 19 18 53 52 26 23 52 18 55 51 8 43 24 46 55 8 20 46 23 41 9 18 35 29 35 55 34 47 24 53 44 51 33 31 43 16 54 56 45 24 39 57 41 29 28 9 33 19 16 35 44 21 44 11 67 52 6 9 49 43 31 14 33 0 33 42 40 61 54 35 49 30 29 33 59 53 47 58 54 32 31 48 57 32 32 40 10
26 34 17 17 40 27 30 27 26 28 30 27 37 30 41 21 32 29 18 17 24 19 28 22 26 33 16 33 28 30 41 16 17 30 29 40 22 28 29 29 3 20 14 27 33 22 22 9 32 19 25 27 15 18 9 30 16 21 11 31 7 40 36 14 34 19 34 29 52 34 29 27 38 30 26 31 23 34 0 32 14 34 34 20 38 15 23 26 31 25 34 31 27 17 5 19 30 31 24 14 30
40 32 40 27 49 42 5 36 37 31 6 38 31 6 50 30 33 32 21 25 35 27 42 40 37 8 24 26 42 39 50 39 24 7 38 49 44 26 15 35 32 32 32 33 4 47 42 38 5 30 43 46 39 24 36 37 47 16 31 45 38 49 45 43 24 26 4 43 47 32 40 36 29 23 20 44 10 44 32 0 43 48 34 43 29 37 15 44 45 37 27 45 41 40 30 38 44 30 12 28 44
33 37 15 24 47 25 40 34 29 31 41 34 40 40 48 28 35 32 30 28 27 25 26 22 33 43 28 38 26 37 48 15 28 41 35 47 24 35 40 32 13 24 21 30 44 14 24 13 43 26 23 22 13 29 9 33 8 31 23 38 10 47 43 14 43 28 44 36 55 37 36 34 46 38 37 37 33 40 14 43 0 28 37 23 46 18 35 29 32 28 39 32 30 20 17 20 32 38 34 21 37
54 18 19 45 67 10 45 54 13 18 45 56 25 45 67 47 19 19 42 42 14 45 9 16 55 48 42 26 9 57 68 20 42 48 56 67 51 53 51 16 30 20 43 16 51 20 51 37 50 47 13 9 20 43 27 17 35 43 39 60 35 67 63 41 34 44 51 58 39 19 58 53 35 29 49 59 44 61 31 49 28 0 18 49 35 44 46 55 6 14 27 6 11 46 33 17 8 59 46 27 59
51 3 25 38 60 17 31 47 9 7 31 49 10 31 61 41 4 7 32 36 10 38 17 19 48 33 35 11 17 50 61 25 35 34 49 60 54 43 39 7 33 20 43 8 36 30 53 41 36 41 19 21 26 35 32 6 44 31 40 56 39 60 56 45 19 37 37 54 24 4 51 47 21 15 38 55 32 55 34 35 37 18 0 52 20 47 35 55 14 12 12 14 12 50 35 23 15 48 33 27 55
27 52 32 19 42 43 40 29 45 47 41 29 51 40 43 23 51 48 26 24 43 20 44 39 27 43 25 47 44 32 43 32 23 41 30 42 4 30 36 48 22 39 16 46 44 35 3 15 43 21 42 42 30 24 24 49 18 30 24 32 18 42 38 13 45 23 44 30 67 53 30 29 50 43 32 31 34 35 20 43 22 49 53 0 49 7 30 16 50 44 47 50 46 4 21 37 49 33 33 33 31
46 18 35 34 56 29 26 43 24 18 26 45 17 26 56 36 20 18 28 31 22 33 29 31 44 29 31 12 29 46 57 35 31 29 45 56 51 38 35 22 38 28 38 19 31 41 49 45 31 36 31 33 36 31 39 24 51 27 37 52 44 56 52 49 11 33 32 49 33 19 47 42 3 11 34 51 28 50 38 30 46 35 21 50 0 44 30 51 31 24 10 32 27 47 37 33 31 43 29 27 51
22 47 28 13 37 39 35 24 40 43 35 24 46 35 37 17 46 44 21 19 39 15 40 34 22 38 19 42 40 27 38 28 18 36 25 37 8 25 31 44 18 35 11 42 39 31 8 10 38 16 38 38 26 19 20 45 15 25 20 27 13 37 33 8 40 18 39 25 62 47 25 23 44 38 26 27 29 30 16 38 19 44 48 7 44 0 25 13 46 40 42 46 42 3 17 32 45 28 27 29 26
27 33 32 15 37 40 13 23 38 32 14 26 32 13 37 17 34 33 8 12 36 14 40 35 25 16 11 27 40 27 38 31 11 13 26 36 31 14 8 36 24 29 19 34 17 39 30 26 15 17 38 42 32 11 28 38 36 7 18 33 28 37 33 30 25 14 17 30 48 33 28 23 30 24 9 32 7 31 24 15 35 45 35 31 30 25 0 31 43 37 28 43 39 28 21 33 42 19 4 23 32
22 53 38 19 42 49 41 29 49 52 41 28 51 41 42 23 54 52 27 24 48 21 50 45 25 43 25 47 50 32 43 38 24 42 29 41 15 30 36 52 27 43 16 51 44 41 14 20 43 21 48 48 36 25 30 53 27 30 27 29 22 42 38 20 45 23 45 27 68 53 28 29 50 43 32 25 34 33 25 43 29 55 55 16 50 14 30 0 55 49 47 54 50 14 24 42 53 33 33 36 28
54 14 22 42 64 10 41 51 9 15 42 53 21 42 65 45 15 15 40 40 11 43 8 16 53 44 39 21 9 55 65 22 40 45 54 64 51 51 49 12 30 17 42 13 47 24 51 38 47 45 14 14 22 41 29 13 40 40 37 60 36 65 61 42 30 41 47 58 34 14 55 51 31 26 47 59 42 59 31 45 33 6 14 50 31 45 44 56 0 12 23 1 7 47 32 19 3 56 43 24 59
48 12 17 37 59 9 34 46 7 7 34 48 18 34 59 39 10 8 34 34 3 37 9 11 47 37 34 15 9 49 60 17 34 38 48 59 46 45 42 7 25 11 37 6 40 21 46 32 39 39 11 13 17 35 23 8 36 34 31 54 30 59 55 36 23 36 40 52 32 12 50 45 24 18 41 53 35 53 26 38 29 14 12 44 24 39 38 50 12 0 16 12 8 41 26 14 11 50 37 18 53
44 10 27 32 54 21 23 40 16 10 24 43 7 24 54 34 12 10 25 29 14 31 21 23 42 26 29 3 21 44 55 27 28 27 43 53 48 36 32 14 33 20 36 11 29 33 47 41 29 34 23 25 28 28 34 16 46 25 35 49 39 54 50 46 12 31 30 47 24 11 45 40 10 8 32 49 26 48 33 27 39 27 13 48 10 42 28 48 23 16 0 24 19 45 33 25 23 41 27 23 49
54 14 22 42 64 10 41 51 9 15 42 53 21 42 65 45 15 16 39 40 11 43 8 16 52 44 39 22 9 55 65 22 40 45 53 64 51 51 49 12 30 17 42 14 47 24 51 38 47 45 14 14 22 41 29 13 40 40 37 60 36 65 60 42 30 41 48 58 35 15 55 51 31 26 47 59 42 59 31 45 32 6 14 50 31 45 44 55 1 12 23 0 7 47 32 19 3 56 43 24 59
50 12 18 38 60 10 37 47 4 10 37 49 18 37 60 40 10 10 35 35 6 38 8 12 48 40 35 18 9 50 61 18 35 41 49 60 47 46 44 7 26 13 38 8 43 22 47 33 42 40 12 14 19 36 25 8 37 35 32 55 31 60 56 37 26 37 43 53 32 12 51 46 27 21 42 54 37 54 27 41 30 11 11 45 27 40 39 51 6 7 19 7 0 42 28 15 7 52 39 20 54
24 49 29 16 39 40 37 26 42 45 38 26 48 37 40 19 48 46 23 21 41 17 41 36 24 40 22 44 42 29 40 29 20 38 27 39 6 27 33 45 20 36 13 44 41 33 6 12 40 18 39 40 28 21 22 46 15 27 22 29 15 39 35 10 42 20 41 27 64 50 27 26 47 40 29 29 31 32 18 40 20 46 50 5 46 4 27 14 48 42 44 47 43 0 19 34 46 30 30 30 28
24 35 18 15 38 28 27 25 27 30 28 26 37 27 39 19 33 31 15 14 26 17 29 24 24 30 13 32 29 28 39 18 14 28 27 38 23 25 27 30 5 21 12 28 31 23 23 9 30 17 27 29 17 15 11 31 19 18 9 29 9 38 34 15 32 16 31 27 53 35 27 25 37 30 23 29 21 32 5 30 17 35 35 21 37 16 20 25 32 26 34 32 28 18 0 20 31 30 21 14 29
41 23 8 31 53 12 35 40 15 17 35 42 26 35 54 34 21 18 29 29 13 32 13 7 41 38 28 24 13 43 54 7 29 38 42 53 37 40 38 18 17 11 29 16 41 14 37 24 40 34 11 14 8 30 13 19 27 29 26 46 22 53 49 28 31 30 41 44 41 23 44 40 33 27 36 46 32 48 18 39 20 19 22 35 33 30 33 41 19 14 25 19 16 33 20 0 18 45 32 15 46
53 14 21 41 63 9 41 50 8 14 41 52 21 41 64 44 14 15 38 39 10 42 7 15 51 44 38 22 8 54 64 21 39 45 52 63 50 50 48 11 29 16 41 13 47 24 50 37 46 44 13 13 21 40 28 12 39 39 36 59 35 64 59 41 30 40 47 57 35 15 54 50 31 25 46 58 41 58 30 45 32 8 14 49 31 44 43 54 3 11 23 3 7 46 31 18 0 55 42 23 58
29 45 44 16 38 52 29 25 50 44 30 27 44 29 39 19 46 45 19 19 48 16 52 47 26 33 19 39 52 28 39 43 18 28 27 38 36 9 16 48 33 41 23 46 28 51 34 30 30 19 50 54 43 19 38 50 41 22 26 35 32 38 34 34 37 18 30 32 60 45 29 25 42 36 13 34 24 32 32 30 40 57 47 35 42 29 19 36 55 49 40 55 51 32 30 45 54 0 22 35 34
30 31 32 18 39 39 10 26 36 30 10 28 30 10 40 20 33 31 10 15 35 17 39 35 28 13 14 26 39 30 40 31 14 10 28 39 34 16 8 35 24 28 22 32 13 39 32 29 12 20 38 42 32 14 28 36 39 6 20 35 29 40 35 33 24 17 14 33 46 31 31 26 28 22 12 35 3 34 24 12 35 45 33 34 28 27 4 34 43 37 26 42 38 30 22 33 41 22 0 22 34
35 24 16 22 45 21 23 31 19 22 23 34 25 23 45 25 25 23 17 19 18 23 21 17 33 26 18 20 21 35 46 15 18 26 34 44 34 29 27 22 12 11 23 20 29 24 34 21 28 25 20 24 16 19 14 23 26 18 17 40 19 45 41 26 24 20 29 38 41 25 36 31 26 18 25 40 20 39 13 27 21 27 27 32 26 27 22 37 24 18 22 24 20 30 13 15 23 34 21 0 39
9 53 44 19 23 55 41 12 54 53 42 11 52 41 23 18 55 53 27 25 52 19 56 51 8 44 26 48 56 12 24 44 24 42 11 22 32 31 37 57 32 48 21 54 45 48 30 28 44 16 54 54 42 25 36 58 38 31 28 2 30 23 20 32 46 23 45 5 68 54 9 12 51 44 33 6 35 10 30 44 37 61 56 32 50 27 31 28 59 53 48 59 55 29 28 47 58 34 34 40 0
EOF