NAME: pdptw-n20-ber2
LOCATION: Berlin
COMMENT:  ber20-1
TYPE: PDPTW
SIZE: 21
DISTRIBUTION: cluster-random (5 / 1.2)
DEPOT: random
ROUTE-TIME: 800
TIME-WINDOW: 180
CAPACITY: 100
NODES
0 52.47896610 13.37589090 0 0 800 0 0 0
1 52.43778750 13.24112440 26 435 615 5 0 11
2 52.44887110 13.27452090 18 499 679 5 0 12
3 52.58649480 13.42884810 13 417 597 5 0 13
4 52.50827890 13.59114940 50 43 223 5 0 14
5 52.44062970 13.28056030 20 195 375 5 0 15
6 52.44356810 13.27743160 40 97 277 5 0 16
7 52.43973440 13.27164980 25 195 375 5 0 17
8 52.59457500 13.39488890 33 280 460 5 0 18
9 52.59024070 13.40104270 33 42 222 5 0 19
10 52.42265430 13.35216750 40 88 268 5 0 20
11 52.43974190 13.30417780 -26 450 630 5 1 0
12 52.56760520 13.39185780 -18 532 712 5 2 0
13 52.60392160 13.42448050 -13 427 607 5 3 0
14 52.45253500 13.12391100 -50 128 308 5 4 0
15 52.43486190 13.28251400 -20 203 383 5 5 0
16 52.43024050 13.48524740 -40 126 306 5 6 0
17 52.53430320 13.57055340 -25 259 439 5 7 0
18 52.43105170 13.51331830 -33 504 684 5 8 0
19 52.43267130 13.50872160 -33 94 274 5 9 0
20 52.53672910 13.43965470 -40 130 310 5 10 0
EDGES
0 21 18 28 30 16 16 17 28 27 16 15 22 30 39 17 16 33 17 16 18
19 0 7 38 46 7 8 6 37 36 19 10 32 41 40 8 28 49 29 28 34
16 7 0 34 43 4 3 4 32 31 16 7 28 36 38 5 25 46 26 25 31
26 36 33 0 28 35 35 34 7 6 40 36 9 5 49 36 37 26 37 37 13
31 47 44 31 0 42 43 43 34 33 43 42 30 32 62 43 27 8 23 24 20
14 7 4 35 41 0 3 3 34 33 15 5 30 38 40 3 23 43 24 23 29
15 7 3 36 42 3 0 3 34 34 16 6 30 38 40 4 24 44 25 24 30
16 6 3 35 43 3 3 0 34 33 15 6 29 38 39 4 25 45 25 25 30
27 34 32 7 33 33 34 33 0 1 40 34 7 6 47 34 39 31 39 39 16
26 33 31 6 32 32 33 32 1 0 39 33 6 6 46 33 38 30 38 38 15
15 18 16 40 43 14 15 14 40 39 0 11 36 43 46 13 22 45 24 24 31
14 10 7 36 41 5 6 6 35 34 12 0 30 39 41 5 23 43 23 23 29
22 30 28 9 30 29 30 29 8 7 36 30 0 12 43 30 35 29 35 35 13
29 38 36 5 31 37 38 37 6 6 42 38 11 0 51 38 39 27 39 39 16
38 39 37 49 62 39 39 39 48 47 45 40 44 52 0 40 47 64 48 47 48
15 8 5 36 42 3 4 4 35 34 14 5 31 39 41 0 24 44 25 24 30
17 29 26 38 27 24 25 25 39 38 21 24 35 40 48 25 0 30 6 5 27
32 49 46 27 8 44 45 45 32 31 45 43 29 27 63 45 30 0 27 27 21
17 29 26 38 24 24 25 26 39 38 24 24 35 40 48 25 6 27 0 2 27
17 30 27 38 24 24 25 26 39 38 24 24 35 40 48 26 6 27 2 0 27
18 35 31 15 20 30 31 31 16 15 32 29 12 17 48 31 27 21 28 27 0
EOF