NAME: pdptw-n20-ber2
LOCATION: Berlin
COMMENT:  ber20-1
TYPE: PDPTW
SIZE: 101
DISTRIBUTION: cluster-random (10 / 1.2)
DEPOT: random
ROUTE-TIME: 5000
TIME-WINDOW: 240
CAPACITY: 100
NODES
0 52.44033520 13.25698800 0 0 5000 0 0 0
1 52.43778750 13.24112440 52 408 648 5 0 51
2 52.44887110 13.27452090 48 4735 4975 5 0 52
3 52.58649480 13.42884810 44 2264 2504 5 0 53
4 52.50827890 13.59114940 23 167 407 5 0 54
5 52.44062970 13.28056030 19 0 5000 5 0 55
6 52.48782200 13.36841110 47 0 5000 5 0 56
7 52.54187680 13.17302990 35 3813 4053 5 0 57
8 52.55731640 13.48168950 41 0 5000 5 0 58
9 52.61316580 13.30134110 46 2421 2661 5 0 59
10 52.57574700 13.31736390 60 455 695 5 0 60
11 52.55655380 13.51894950 16 1293 1533 5 0 61
12 52.49870430 13.56652330 33 2133 2373 5 0 62
13 52.61248040 13.31148300 20 1939 2179 5 0 63
14 52.50858620 13.59069150 58 921 1161 5 0 64
15 52.54210240 13.16150100 29 4247 4487 5 0 65
16 52.42657070 13.25071330 46 3032 3272 5 0 66
17 52.47896610 13.37589090 52 1678 1918 5 0 67
18 52.54609900 13.13527360 18 1710 1950 5 0 68
19 52.53976070 13.16970090 29 1347 1587 5 0 69
20 52.42726660 13.24943750 31 507 747 5 0 70
21 52.57978620 13.42052410 39 3417 3657 5 0 71
22 52.57852100 13.44262920 32 87 327 5 0 72
23 52.58555980 13.41581110 51 2713 2953 5 0 73
24 52.61576900 13.35294470 48 2937 3177 5 0 74
25 52.49157400 13.60061000 29 764 1004 5 0 75
26 52.44162640 13.27580510 14 0 5000 5 0 76
27 52.58609090 13.32312070 54 0 5000 5 0 77
28 52.57493600 13.31679350 41 992 1232 5 0 78
29 52.61498370 13.32114800 28 1547 1787 5 0 79
30 52.56507600 13.34488150 13 2561 2801 5 0 80
31 52.54518950 13.20429260 49 2424 2664 5 0 81
32 52.41962810 13.28117240 30 1131 1371 5 0 82
33 52.48790550 13.36017980 32 3917 4157 5 0 83
34 52.42258080 13.26688880 41 1070 1310 5 0 84
35 52.59408150 13.32309960 32 4174 4414 5 0 85
36 52.55924950 13.50766030 48 491 731 5 0 86
37 52.53309250 13.35139840 48 1251 1491 5 0 87
38 52.45076340 13.24715700 50 0 5000 5 0 88
39 52.50102820 13.60036740 51 3142 3382 5 0 89
40 52.44470800 13.27786030 14 2348 2588 5 0 90
41 52.42946120 13.27508700 42 0 182 5 0 91
42 52.48856160 13.53267900 56 3150 3390 5 0 92
43 52.41375400 13.15247920 25 219 459 5 0 93
44 52.40265070 13.65909390 47 124 364 5 0 94
45 52.58622570 13.41511780 16 3287 3527 5 0 95
46 52.51451430 13.38751240 28 4465 4705 5 0 96
47 52.46889450 13.31265020 13 2296 2536 5 0 97
48 52.52366880 13.20209690 14 67 307 5 0 98
49 52.44354480 13.42186090 23 443 683 5 0 99
50 52.47576530 13.50873730 26 4746 4986 5 0 100
51 52.58666230 13.22254500 -52 450 690 5 1 0
52 52.51027230 13.45486410 -48 4770 4968 5 2 0
53 52.48620030 13.36662430 -44 2304 2544 5 3 0
54 52.58016300 13.29013400 -23 213 453 5 4 0
55 52.44383310 13.23496160 -19 0 5000 5 5 0
56 52.42515910 13.67358740 -47 0 5000 5 6 0
57 52.53294460 13.44062080 -35 4095 4335 5 7 0
58 52.43968600 13.41389500 -41 0 5000 5 8 0
59 52.52328770 13.60222980 -46 2492 2732 5 9 0
60 52.43545800 13.24353850 -60 493 733 5 10 0
61 52.55451600 13.20524840 -16 1341 1581 5 11 0
62 52.51669750 13.28925170 -33 2180 2420 5 12 0
63 52.46151940 13.52348290 -20 2226 2466 5 13 0
64 52.42400160 13.26697190 -58 973 1213 5 14 0
65 52.44735150 13.25608060 -29 4280 4520 5 15 0
66 52.43688950 13.25865130 -46 3041 3281 5 16 0
67 52.48977710 13.44932750 -52 1700 1940 5 17 0
68 52.60825190 13.43954670 -18 1762 2002 5 18 0
69 52.43996610 13.24925770 -29 1390 1630 5 19 0
70 52.41931270 13.50371810 -31 543 783 5 20 0
71 52.51100120 13.58651520 -39 3460 3700 5 21 0
72 52.50483090 13.38270880 -32 111 351 5 22 0
73 52.42239730 13.42152920 -51 2770 3010 5 23 0
74 52.56189620 13.46947110 -48 2972 3212 5 24 0
75 52.54260970 13.13295350 -29 1071 1311 5 25 0
76 52.43629970 13.33056410 -14 0 5000 5 26 0
77 52.56477520 13.20113150 -54 0 5000 5 27 0
78 52.53509370 13.16469480 -41 1020 1260 5 28 0
79 52.46286070 13.33385190 -28 1579 1819 5 29 0
80 52.53112180 13.44310680 -13 2589 2829 5 30 0
81 52.48754250 13.56370320 -49 2480 2720 5 31 0
82 52.46932160 13.31267770 -30 1149 1389 5 32 0
83 52.53082840 13.19897830 -32 3947 4187 5 33 0
84 52.61318030 13.34354710 -41 1109 1349 5 34 0
85 52.42231210 13.49670860 -32 4218 4458 5 35 0
86 52.40936400 13.25513820 -48 545 785 5 36 0
87 52.49978080 13.58407870 -48 1288 1528 5 37 0
88 52.57239090 13.27480640 -50 0 5000 5 38 0
89 52.50869730 13.58049920 -51 3152 3392 5 39 0
90 52.42121580 13.24289400 -14 2362 2602 5 40 0
91 52.51527400 13.38544920 -42 35 275 5 41 0
92 52.55145940 13.17887570 -56 3204 3444 5 42 0
93 52.63247910 13.26934740 -25 267 507 5 43 0
94 52.61016270 13.22053400 -47 193 433 5 44 0
95 52.60629890 13.22445370 -16 3558 3798 5 45 0
96 52.47731580 13.37867200 -28 4481 4721 5 46 0
97 52.42387370 13.24766680 -13 2315 2555 5 47 0
98 52.39965190 13.53250420 -14 120 360 5 48 0
99 52.49007500 13.35404640 -23 468 708 5 49 0
100 52.46083260 13.48608990 -26 4759 4974 5 50 0
EDGES
0 4 5 36 45 6 20 28 39 31 24 42 44 32 45 29 5 18 35 29 5 36 39 35 33 47 5 25 24 32 26 26 8 18 5 27 43 25 7 46 5 5 39 16 49 34 24 11 24 24 32 35 32 18 25 5 49 33 23 50 5 29 19 31 6 3 2 27 41 4 30 46 23 28 38 34 13 31 28 13 32 42 12 25 32 28 10 46 27 45 7 24 30 37 34 34 18 6 35 18 26
4 0 7 38 46 7 21 30 41 33 25 43 46 34 47 30 7 19 36 30 6 38 40 36 35 48 7 27 25 34 27 28 9 20 7 29 44 27 8 48 8 6 40 14 50 36 26 13 25 25 33 37 33 19 27 4 50 34 24 51 2 30 20 32 7 6 4 29 42 3 31 47 24 30 40 35 14 32 29 14 33 43 13 26 34 30 10 47 29 46 7 26 31 39 36 35 19 7 36 19 27
5 7 0 34 43 4 18 28 37 29 21 40 43 30 43 28 7 16 34 28 7 34 36 32 31 45 4 23 21 29 23 25 9 17 7 25 41 22 8 45 2 6 37 18 47 32 22 9 23 22 30 33 30 16 22 7 47 31 22 48 7 28 18 29 8 5 4 25 38 6 28 44 21 27 36 33 11 29 27 11 30 40 9 24 29 27 11 44 25 43 8 21 29 35 32 31 16 8 33 15 24
34 36 33 0 28 35 25 35 13 23 15 17 28 21 28 36 38 26 42 36 38 5 7 3 17 33 35 17 16 21 14 31 39 28 38 17 16 18 35 30 35 37 26 39 51 3 18 29 31 36 28 29 19 26 19 35 51 14 35 31 37 33 25 32 39 34 35 23 6 35 39 29 20 40 10 42 37 35 35 32 14 29 29 32 18 38 42 29 21 28 39 18 34 29 29 28 27 39 44 26 31
46 47 44 31 0 42 30 51 20 46 38 17 7 44 1 52 47 31 58 52 47 31 27 32 41 6 43 40 38 44 34 48 47 32 47 40 19 31 50 3 43 44 13 53 29 32 24 38 47 34 18 52 16 30 41 48 29 20 34 6 47 50 38 18 47 46 45 21 33 46 26 2 25 36 22 57 42 52 51 37 19 7 38 48 42 28 51 3 43 3 48 24 51 51 52 51 31 48 27 31 24
6 7 4 35 41 0 16 30 35 30 23 38 41 31 41 30 7 14 36 30 7 35 36 34 32 43 3 24 23 31 25 27 6 14 6 26 39 23 11 43 3 4 35 18 45 33 21 8 25 20 28 34 28 14 24 8 45 29 20 46 7 29 20 27 6 6 5 23 40 6 26 42 19 24 35 35 10 31 29 9 28 38 8 26 31 25 11 42 26 41 8 21 30 36 33 33 14 8 31 14 22
19 21 18 26 29 16 0 28 23 29 21 26 29 30 29 29 21 5 35 29 20 26 23 26 31 34 16 23 21 30 21 26 20 5 20 25 27 13 23 31 16 18 27 28 41 25 9 10 24 16 23 33 16 4 23 21 41 17 16 34 21 28 17 22 20 20 18 13 30 19 21 30 6 20 23 34 15 29 28 10 16 30 10 25 30 20 25 30 25 29 22 9 29 35 32 31 6 22 26 3 17
28 29 27 36 52 29 28 0 41 29 23 46 51 30 52 2 32 28 9 2 31 36 38 34 32 56 29 25 23 30 25 7 34 28 32 26 45 25 29 53 29 31 49 33 59 34 29 23 8 34 42 19 39 28 22 29 59 37 34 56 30 8 19 41 32 28 29 37 40 29 40 53 29 39 39 8 31 10 5 26 37 52 23 7 30 39 36 52 20 52 33 29 6 35 26 24 28 33 45 26 36
39 40 37 13 19 36 23 40 0 31 23 8 19 29 19 40 41 24 47 40 41 13 9 15 26 24 36 25 24 29 20 35 41 26 40 25 6 21 40 20 37 38 17 43 42 14 16 30 36 32 21 37 13 24 27 39 42 11 32 22 41 37 29 24 40 38 38 18 17 40 34 20 18 36 4 46 35 39 40 30 10 20 30 37 27 33 45 20 29 19 42 16 38 37 37 36 25 42 38 25 25
29 30 27 23 47 29 28 29 32 0 11 37 46 3 47 29 32 29 36 29 32 25 28 21 9 51 30 10 11 5 15 24 34 28 32 9 35 22 30 48 29 31 44 33 59 21 25 23 26 34 42 15 34 28 10 29 60 30 34 50 31 25 19 41 33 28 29 36 26 30 40 47 28 39 29 35 31 24 29 26 30 48 24 26 7 39 36 47 12 46 33 25 27 8 14 13 28 33 45 26 36
22 23 21 15 39 22 21 23 24 11 0 29 38 10 39 23 25 22 30 23 25 17 20 14 11 43 23 3 1 10 8 18 27 21 26 5 28 14 23 40 22 24 37 27 53 13 18 17 19 28 35 15 26 21 4 23 53 22 27 43 24 21 12 34 26 22 22 29 20 23 33 40 20 32 21 29 25 22 23 19 22 40 17 20 10 32 30 39 7 39 27 18 22 17 14 14 22 27 38 19 29
42 43 40 18 17 38 26 45 8 37 29 0 16 35 17 46 43 27 52 45 43 19 15 19 31 22 39 30 29 35 25 40 43 28 43 31 6 26 45 18 39 40 15 49 40 19 20 34 41 34 20 43 16 26 32 44 40 13 34 18 43 43 33 26 43 43 41 21 20 42 35 18 21 38 10 51 38 44 45 33 12 18 34 42 32 35 47 18 35 17 44 20 44 42 42 42 27 44 35 27 27
45 46 43 30 7 41 29 51 20 46 38 17 0 44 7 51 46 30 57 51 46 30 26 32 41 10 42 39 38 43 33 48 46 32 46 39 18 30 49 8 42 43 13 53 28 31 24 37 46 30 18 52 16 30 40 47 28 20 30 11 46 50 37 15 46 45 44 20 33 45 22 7 25 33 21 57 40 52 50 36 18 4 37 48 42 25 50 7 43 7 47 24 51 51 51 50 31 47 23 31 20
30 31 29 21 44 30 29 30 30 3 10 34 44 0 45 30 33 30 37 30 33 23 25 19 7 49 31 8 10 3 14 25 35 29 33 7 33 21 31 46 30 32 42 35 60 19 24 25 27 36 43 16 32 29 11 31 61 28 35 48 32 26 20 42 34 30 30 35 24 31 41 45 27 40 27 36 32 25 30 27 28 46 25 27 5 40 38 45 13 44 35 25 28 9 15 15 29 34 46 27 37
46 47 44 31 1 42 30 51 20 46 38 17 7 44 0 52 47 31 58 52 47 31 27 32 41 6 43 40 38 44 34 48 47 32 47 40 19 31 50 3 43 44 13 53 29 32 24 38 47 34 18 52 16 30 41 48 29 20 34 5 47 51 38 18 47 47 45 21 33 46 26 2 25 36 22 57 42 52 51 37 19 7 38 48 42 28 51 3 43 3 48 24 52 51 52 51 31 48 27 31 24
28 30 28 36 52 29 28 2 42 29 24 46 52 30 52 0 32 29 7 2 32 36 39 34 32 57 30 25 23 31 26 8 34 28 32 27 46 26 30 53 29 31 50 33 60 34 30 24 9 35 42 20 39 28 23 29 60 37 34 56 31 9 19 41 33 28 29 38 41 30 40 53 30 39 39 7 32 11 4 26 37 53 24 7 31 39 36 53 21 52 33 29 6 35 27 25 29 33 45 26 36
5 6 7 38 46 7 21 32 40 33 26 43 45 35 46 33 0 19 39 32 1 39 41 37 36 48 6 28 26 34 28 30 8 19 5 29 44 27 10 48 7 5 40 16 50 37 26 13 27 25 33 38 33 19 27 7 50 34 23 51 7 33 22 32 5 7 4 28 43 5 31 47 24 28 40 38 13 34 32 14 33 43 13 29 34 29 6 47 30 46 3 26 33 40 37 36 19 2 36 19 27
19 21 18 28 30 16 5 29 25 29 22 27 30 30 30 30 21 0 36 29 20 28 25 27 32 35 16 23 22 30 23 26 20 6 20 25 28 15 23 32 16 18 28 28 38 27 10 11 24 13 21 33 17 4 23 21 38 18 13 35 21 29 19 20 20 20 18 13 31 19 19 31 7 17 24 35 14 30 29 10 17 31 11 26 30 18 25 31 26 30 22 10 30 35 33 32 3 22 24 7 15
34 36 34 43 58 35 34 9 48 36 30 53 58 37 58 7 38 35 0 9 38 43 45 41 39 63 36 32 30 38 32 15 40 34 38 34 52 33 35 59 35 37 56 39 66 41 36 30 15 41 48 27 45 34 29 35 66 44 40 62 37 16 25 47 39 34 35 44 47 36 46 59 36 45 46 4 38 17 9 32 44 59 30 13 38 45 42 59 28 58 39 35 12 42 33 32 35 39 51 32 42
28 30 28 36 52 29 28 2 41 29 23 46 51 30 52 2 32 29 9 0 32 36 38 34 32 57 30 25 23 31 25 8 34 28 32 27 45 26 29 53 29 31 49 33 59 34 29 24 8 35 42 20 39 28 22 29 60 37 34 56 31 9 19 41 33 28 29 38 40 29 40 53 30 39 39 8 31 10 6 26 37 53 24 7 31 39 36 53 21 52 33 29 7 35 26 25 28 33 45 26 36
5 6 7 38 46 7 20 32 40 33 26 42 45 34 46 32 1 19 38 32 0 38 40 37 36 48 6 27 26 34 28 30 8 19 5 29 44 27 10 47 7 5 40 15 50 36 26 12 27 25 32 37 33 18 27 7 50 34 23 50 6 32 22 32 5 6 4 28 43 5 31 47 23 28 39 37 12 34 31 14 33 43 13 28 34 29 7 46 29 46 3 26 33 39 36 36 19 2 35 18 26
33 34 32 5 29 33 25 34 13 24 16 17 28 22 29 34 37 26 41 34 36 0 8 6 18 33 34 17 16 21 14 29 38 27 37 17 16 16 34 30 33 35 27 38 51 6 17 28 30 35 29 30 19 26 19 34 52 14 35 31 35 32 23 32 37 33 33 23 9 34 39 29 20 40 10 40 36 33 34 30 14 30 28 31 19 38 41 29 22 29 38 17 33 29 29 28 27 38 44 25 31
37 38 36 8 26 36 24 38 10 28 20 15 26 26 26 38 40 25 45 38 40 9 0 10 22 31 37 21 20 25 18 33 41 27 41 21 14 20 38 27 37 39 24 42 49 9 16 30 34 34 26 34 17 25 23 38 49 13 34 29 39 36 27 30 41 37 37 22 10 38 38 27 19 38 7 44 36 37 38 31 13 27 31 35 23 37 45 27 26 26 42 16 37 33 33 32 26 42 43 25 30
33 34 31 3 30 33 25 34 14 21 14 19 29 19 30 34 36 26 41 34 36 6 9 0 15 34 34 15 14 19 12 29 38 28 36 15 17 16 34 31 33 35 28 38 53 1 18 28 30 36 30 28 20 26 17 33 53 16 36 33 35 31 23 33 37 33 33 25 8 34 41 31 21 40 11 40 35 33 34 30 16 31 28 31 16 39 40 30 20 30 38 18 32 27 27 26 28 37 45 26 32
31 33 30 17 42 32 31 32 27 9 11 32 41 7 42 32 35 31 39 32 35 20 23 16 0 46 32 9 12 7 15 27 36 31 35 8 30 23 32 43 32 34 39 36 62 15 25 26 28 37 40 18 30 31 12 32 62 25 37 46 34 28 22 43 36 31 32 34 20 33 43 42 27 41 24 38 34 27 32 29 25 43 26 29 2 41 39 42 15 42 36 25 30 14 17 17 31 36 48 29 39
47 49 46 35 6 44 34 56 25 51 43 22 10 49 6 56 49 35 63 56 48 35 31 37 46 0 44 44 43 48 39 53 48 37 48 45 24 35 51 4 45 46 18 56 26 36 29 39 51 33 23 57 21 35 46 49 26 25 33 11 49 55 42 17 48 48 46 25 38 47 25 8 30 35 26 62 43 57 55 38 23 9 39 53 47 27 53 7 48 8 50 29 56 56 56 55 35 50 26 36 23
5 7 4 36 42 3 16 30 36 31 23 38 41 32 42 30 7 15 36 30 6 36 36 34 33 44 0 25 23 31 25 28 7 15 7 27 40 23 10 43 2 5 36 18 46 34 22 8 25 21 28 35 29 14 25 7 46 30 20 46 7 30 20 28 6 5 4 24 40 5 27 43 19 25 35 35 10 31 29 10 29 39 9 26 31 25 11 43 27 42 8 22 31 37 34 33 15 8 31 14 22
23 25 22 17 40 24 23 24 25 10 3 30 39 8 40 25 27 23 32 25 27 19 21 15 9 44 24 0 3 8 9 20 28 23 27 3 29 16 24 41 24 26 38 28 54 15 20 18 20 29 36 15 27 23 6 24 54 23 29 44 26 22 14 36 28 23 24 31 21 25 35 41 22 33 23 31 26 23 24 21 23 41 18 22 7 33 31 41 8 40 28 20 23 15 15 14 23 28 40 21 31
22 23 21 16 39 22 21 23 24 11 1 29 38 10 39 23 25 22 30 23 25 18 20 14 11 43 23 3 0 10 8 18 27 21 26 5 28 14 23 40 22 24 37 27 53 14 18 17 19 28 35 15 26 21 5 23 53 22 27 43 24 21 12 34 26 22 22 29 21 23 33 40 20 32 21 29 25 22 23 19 22 40 17 20 10 32 30 39 7 39 27 18 22 17 15 14 22 27 38 19 29
30 31 29 21 44 30 29 30 30 5 10 34 44 3 44 31 34 30 37 31 33 23 25 19 7 49 31 8 10 0 14 26 35 29 34 7 33 21 31 46 30 32 42 35 61 19 24 25 27 36 43 17 32 29 11 31 61 28 35 48 32 27 20 42 34 30 30 35 24 31 41 45 27 40 27 37 33 26 30 27 28 46 25 27 5 40 38 45 13 44 35 25 29 10 16 15 30 35 46 27 37
24 25 23 14 34 24 21 25 21 16 7 26 34 14 34 25 27 22 32 25 27 16 18 13 15 39 25 9 7 14 0 20 29 22 28 10 25 11 25 36 24 26 32 29 55 12 14 19 21 30 32 21 22 22 9 25 55 18 29 39 26 23 14 35 28 24 24 25 19 25 35 35 17 34 19 31 27 24 25 21 18 35 19 22 14 34 32 35 12 34 29 14 24 22 20 19 24 29 40 20 31
26 27 25 31 49 27 26 7 37 25 19 42 48 26 49 8 30 26 14 8 29 31 34 30 28 53 27 20 19 26 21 0 31 25 30 22 41 21 27 50 27 29 47 31 57 29 26 21 6 32 39 15 36 26 18 27 57 33 32 53 28 3 17 39 30 26 27 35 36 27 38 50 26 36 35 14 29 5 7 24 32 50 21 4 26 36 34 49 16 49 31 26 5 31 21 20 26 31 42 23 33
7 9 9 40 46 6 21 34 40 35 27 42 45 36 46 35 8 19 41 35 8 40 40 38 37 48 7 29 27 36 29 32 0 19 5 31 44 27 13 47 8 4 40 20 50 38 26 12 30 23 32 39 33 18 29 10 50 34 20 50 9 34 24 32 5 9 6 28 44 8 31 47 23 25 39 40 10 36 34 14 33 43 13 31 36 29 10 47 31 46 9 26 35 41 38 37 19 9 35 19 26
18 19 16 29 32 14 5 28 26 28 21 29 32 29 32 28 19 6 34 28 19 29 26 28 31 37 15 22 21 29 22 25 19 0 19 24 30 14 22 33 15 17 30 27 42 28 12 10 23 17 24 32 19 4 22 20 42 20 17 36 19 28 18 24 19 19 17 15 33 18 23 33 9 21 25 34 14 29 27 9 19 33 10 25 29 21 24 33 24 32 21 12 29 34 31 31 7 20 27 4 18
5 7 7 39 46 6 20 32 40 33 26 42 45 35 46 33 5 19 39 33 5 39 40 37 36 48 7 28 26 34 28 30 5 19 0 29 44 27 11 47 7 3 39 18 50 37 26 12 27 24 32 38 32 18 27 8 50 34 22 50 7 33 22 31 1 7 4 28 43 5 30 47 23 27 39 38 11 34 32 14 33 43 13 29 34 29 8 46 30 46 5 26 33 40 37 36 19 5 35 18 26
25 27 24 17 41 26 25 26 26 8 5 31 40 6 41 26 29 25 33 26 29 19 22 16 8 45 26 3 6 6 10 21 30 25 29 0 30 17 26 42 26 28 39 30 56 15 21 20 22 31 38 15 28 25 6 26 56 24 31 45 28 23 16 38 30 25 26 32 21 27 37 42 23 35 23 32 28 23 26 23 24 42 20 23 6 35 33 41 9 41 30 21 25 14 14 13 25 30 42 23 33
42 44 41 17 19 40 27 43 6 35 27 6 18 33 19 44 45 28 51 44 44 17 13 18 29 23 40 29 27 33 23 39 44 30 44 29 0 25 43 20 41 42 17 47 42 18 20 34 39 36 22 41 17 28 30 43 42 14 36 22 45 41 33 27 44 42 42 22 19 43 37 20 22 40 8 50 39 43 43 34 14 20 34 41 30 36 49 19 33 19 46 20 42 40 41 40 29 46 37 28 28
25 27 23 18 31 23 14 26 22 24 15 27 30 22 31 27 28 15 33 27 27 18 20 17 23 35 23 16 15 21 12 22 27 15 27 17 26 0 26 32 24 25 29 30 50 17 9 16 22 25 28 28 18 15 16 26 50 17 25 35 28 24 14 30 27 25 25 20 22 26 31 32 10 29 20 32 22 25 26 17 16 32 16 23 21 30 32 31 19 31 29 8 25 29 27 26 17 29 36 12 26
4 5 5 35 47 8 20 27 39 30 22 43 46 31 47 27 8 20 33 27 7 35 37 33 32 49 7 24 22 31 25 25 10 20 8 26 43 24 0 48 7 7 41 17 51 33 24 11 22 26 33 34 33 19 24 5 51 33 25 51 6 27 17 32 8 4 5 29 39 5 31 48 23 30 38 32 15 29 26 14 33 44 12 23 31 30 12 48 26 47 9 24 28 36 33 32 20 9 36 18 27
47 49 46 32 3 44 31 53 22 48 40 18 8 46 3 53 49 32 59 53 48 32 28 33 42 4 44 41 40 45 35 49 48 34 48 41 20 32 51 0 45 46 15 55 28 33 25 39 48 35 20 54 18 32 42 49 29 22 35 8 49 52 39 20 48 48 46 22 35 47 27 4 27 37 23 58 43 53 52 38 20 9 39 49 43 29 53 4 45 5 50 25 53 53 53 52 33 50 28 33 25
5 8 2 35 42 3 17 29 36 30 23 39 42 31 42 30 8 15 36 30 7 35 37 34 32 44 2 24 23 31 25 27 8 15 7 26 40 23 10 44 0 5 36 19 46 33 22 9 25 21 29 34 29 15 24 9 46 30 21 47 8 30 20 28 7 6 5 24 40 7 27 43 20 25 36 35 11 31 29 10 29 39 9 26 31 26 12 43 26 42 9 22 30 36 33 33 15 9 32 15 23
5 6 6 37 43 4 18 32 38 32 25 40 43 33 44 32 5 17 38 32 5 38 38 36 35 45 5 26 25 33 27 29 4 17 3 28 41 25 10 45 5 0 37 17 47 35 23 10 27 22 30 36 30 16 26 7 48 31 19 48 6 32 22 29 3 6 4 26 42 5 28 44 21 25 37 37 9 33 31 11 31 40 10 28 33 27 9 44 29 43 6 23 33 38 36 35 16 6 33 16 24
39 41 38 28 13 36 27 49 18 44 36 15 12 42 13 49 41 28 56 49 40 28 24 30 39 17 36 37 36 41 32 46 40 30 40 38 17 28 43 14 37 38 0 48 27 30 22 31 44 25 8 50 13 28 39 41 27 18 25 17 41 48 35 14 40 40 38 17 31 39 22 14 23 28 19 55 35 50 48 30 16 11 31 46 40 23 45 13 41 13 42 22 49 49 49 49 27 42 23 29 15
16 14 18 42 54 18 28 34 47 37 29 50 54 38 54 34 16 28 40 34 15 42 44 40 39 57 18 31 29 38 31 32 20 27 18 33 50 31 20 55 19 17 49 0 59 40 31 23 29 34 41 41 41 28 31 15 59 40 34 58 14 34 24 40 18 17 15 37 46 15 40 55 30 38 45 39 25 36 33 25 40 52 23 30 38 38 19 55 33 54 15 31 35 43 40 39 28 15 44 25 35
50 52 49 54 30 46 41 60 43 60 53 40 28 61 30 60 51 39 67 60 51 54 50 55 63 26 47 54 53 61 55 57 51 42 51 56 42 50 54 29 47 49 27 59 0 55 42 42 55 36 29 64 37 40 54 52 9 43 36 34 52 60 50 23 51 51 49 33 56 50 27 31 42 37 45 66 46 61 59 41 42 25 42 57 61 30 56 28 57 30 53 43 61 66 64 63 37 53 28 41 27
32 34 31 3 30 33 25 33 14 21 13 18 29 19 30 34 36 26 40 34 36 6 9 1 15 34 33 15 13 19 12 29 37 27 36 15 17 16 33 31 33 35 27 37 52 0 18 27 29 36 30 27 20 26 17 33 53 15 36 32 35 31 23 33 36 32 33 25 8 33 40 30 20 40 11 40 35 32 33 30 15 31 27 30 15 39 40 30 19 29 37 18 32 26 27 26 27 37 45 25 32
24 26 21 19 24 21 9 29 16 27 18 20 23 25 24 29 26 10 35 29 26 19 16 19 24 28 22 20 18 24 14 26 26 12 25 20 20 9 27 25 22 23 22 31 43 19 0 15 24 19 21 31 11 10 20 25 43 10 19 28 26 28 15 23 26 24 24 12 22 25 25 25 3 23 15 35 21 30 28 16 9 25 15 26 24 23 30 24 22 24 27 1 29 32 30 30 11 27 30 10 20
11 13 8 29 38 7 10 24 31 24 17 34 37 26 38 25 12 11 31 25 12 30 30 28 27 40 8 19 17 25 19 21 12 10 12 20 35 16 14 39 8 10 32 23 42 28 15 0 19 17 24 28 25 11 18 13 42 24 17 42 13 24 14 24 12 11 10 20 34 11 23 39 14 21 30 30 10 25 24 5 24 35 1 21 25 21 17 38 21 38 14 15 25 31 28 27 11 14 27 8 18
23 24 22 32 47 24 23 9 37 26 19 42 46 28 47 9 27 23 15 9 26 32 34 30 29 51 24 21 19 27 21 7 29 23 27 22 41 22 24 48 24 26 44 28 54 30 24 18 0 29 37 20 34 23 20 24 54 33 29 51 25 9 14 36 27 23 24 32 36 24 35 48 24 34 35 14 26 11 8 21 32 47 19 4 27 34 31 47 19 47 28 24 10 33 26 25 23 28 40 21 31
25 26 23 37 34 21 16 35 32 35 28 34 30 36 34 35 25 14 41 35 25 37 33 37 37 33 22 29 28 36 30 32 23 17 24 31 35 25 28 35 22 22 25 34 35 36 19 17 30 0 18 39 22 15 29 27 35 26 3 39 26 34 25 17 24 25 24 15 40 25 14 35 17 10 32 40 15 36 34 16 25 28 17 31 36 13 28 32 31 34 26 19 35 41 38 38 12 26 21 16 11
31 33 30 28 18 28 22 41 20 41 34 20 17 41 18 42 33 20 48 41 32 29 25 30 38 22 28 36 34 40 30 38 32 23 32 36 22 27 35 20 29 30 9 40 28 29 20 23 36 17 0 45 10 21 35 33 28 17 17 23 33 41 31 6 32 32 30 11 32 31 16 19 20 20 20 47 27 42 41 22 15 15 23 38 39 15 37 19 38 18 34 20 42 47 45 44 19 34 20 22 7
33 34 31 30 51 33 32 19 38 15 15 43 51 16 51 20 36 33 27 20 36 32 34 28 18 56 34 15 15 17 19 15 38 32 36 16 42 26 34 52 33 35 49 38 63 28 29 27 19 39 46 0 38 32 13 33 64 35 38 56 35 13 23 45 37 32 33 40 34 34 44 52 32 43 36 26 35 12 20 30 34 52 28 18 17 43 40 52 16 51 38 29 17 20 8 7 32 37 49 30 40
32 33 30 19 16 28 16 38 14 33 25 15 16 31 16 39 33 17 45 39 33 19 16 20 28 21 29 27 26 31 21 35 33 18 33 27 16 18 36 17 29 30 14 40 37 20 11 24 33 22 12 39 0 16 28 34 37 7 22 20 33 37 24 15 33 33 31 7 23 32 24 17 12 26 14 44 28 39 38 23 6 17 24 35 29 23 37 17 30 16 35 11 38 39 39 38 17 34 29 17 15
18 19 16 28 31 14 5 28 25 28 21 27 30 29 31 28 19 4 34 28 19 28 25 27 30 35 15 22 21 29 22 25 19 4 19 24 29 14 22 32 15 16 28 27 40 27 10 10 23 15 23 32 17 0 22 20 40 19 15 35 19 27 18 22 19 19 17 13 32 18 21 31 8 20 24 33 14 29 27 9 18 32 10 24 29 20 23 31 24 30 20 11 28 34 31 31 6 20 26 4 17
23 25 22 20 42 24 23 22 28 11 5 33 41 12 42 23 27 23 29 22 27 22 24 18 13 47 24 7 5 12 10 17 29 23 27 8 32 17 24 43 24 26 40 28 54 18 20 18 20 29 37 14 29 23 0 24 54 26 29 46 26 20 14 36 28 23 24 31 24 25 35 43 22 33 25 28 26 20 22 21 25 43 18 19 12 34 31 43 5 42 28 20 21 17 13 12 23 28 40 21 31
5 4 7 37 47 8 22 29 41 32 25 44 46 33 47 30 7 20 36 30 7 38 40 36 35 49 7 27 25 33 27 27 10 20 7 28 45 26 8 48 8 7 41 15 51 36 26 13 25 26 34 36 34 20 26 0 51 35 25 52 5 30 20 33 8 6 5 29 42 3 32 48 25 30 40 35 15 32 29 15 34 44 14 26 33 30 11 48 29 47 7 26 31 38 36 35 20 8 37 20 28
50 52 49 54 30 47 41 60 43 60 53 40 28 61 30 61 52 39 67 60 51 54 50 55 63 26 47 55 53 61 55 57 51 42 51 56 42 50 54 29 48 49 28 59 9 55 42 42 55 36 29 64 37 40 54 52 0 43 36 34 52 60 50 23 51 51 49 33 56 50 27 31 42 38 45 66 46 61 60 41 42 25 42 57 61 30 56 28 57 30 53 43 61 66 64 63 38 53 28 41 27
32 34 30 15 19 29 16 36 10 29 21 13 19 27 19 37 34 17 43 37 34 15 12 16 24 24 30 23 21 27 17 32 34 19 33 23 14 15 35 21 30 31 17 38 42 16 9 23 32 25 17 35 7 17 24 34 42 0 26 24 34 34 23 21 33 32 31 12 18 33 29 20 11 30 10 42 29 36 36 23 3 20 23 33 25 28 38 20 26 19 35 9 35 34 34 34 18 35 34 18 20
22 24 20 37 34 19 16 35 32 35 28 34 30 36 34 35 22 13 41 35 22 37 33 37 37 33 19 29 28 36 30 32 20 17 21 31 35 25 26 35 20 19 25 34 35 36 19 16 30 3 18 39 22 15 29 24 35 26 0 39 24 34 25 17 21 23 21 15 40 22 14 35 17 9 32 40 13 36 34 13 25 28 16 31 36 13 25 32 31 34 23 19 35 41 38 38 12 23 21 16 11
50 51 49 33 5 46 34 55 23 50 42 18 11 48 5 56 51 35 62 56 51 33 29 34 45 11 47 44 43 48 38 52 51 37 51 44 22 35 54 8 47 49 18 58 34 34 28 42 51 39 22 57 20 35 45 52 34 25 39 0 52 55 42 23 51 51 49 25 35 50 31 5 30 41 24 61 46 56 55 41 23 12 42 52 46 33 56 8 48 6 53 28 56 56 56 55 35 52 31 35 29
5 2 7 39 46 7 21 31 41 34 26 43 46 35 47 31 7 20 37 31 6 39 41 37 36 48 7 28 26 35 28 29 9 20 7 30 44 28 9 48 8 6 40 15 50 37 26 13 26 25 33 38 33 19 28 5 51 34 24 51 0 31 21 32 7 6 4 29 43 4 31 47 24 30 40 36 14 33 30 14 34 43 13 27 35 30 11 47 30 46 7 26 32 40 37 36 19 8 36 19 27
28 30 27 34 51 29 28 8 39 25 21 44 51 26 51 9 32 29 15 9 32 34 36 32 28 56 30 23 21 27 23 4 34 28 32 24 43 24 29 52 29 31 49 33 59 32 29 23 9 34 42 13 38 28 20 29 60 35 34 55 31 0 19 41 33 28 29 38 38 30 40 52 29 39 37 15 31 5 9 26 35 52 24 7 27 39 36 52 18 51 33 28 5 31 20 19 28 33 45 26 36
15 17 14 23 37 15 15 17 29 18 11 33 37 19 37 18 19 15 24 18 18 24 26 22 21 42 16 12 11 19 13 15 20 14 19 14 33 13 16 38 16 18 35 20 46 21 15 10 12 21 28 22 24 15 12 16 46 23 21 41 18 17 0 28 19 15 16 24 28 16 27 38 15 25 27 23 18 19 17 13 23 38 10 14 19 25 23 38 15 37 20 14 18 24 22 21 15 20 31 12 22
31 33 30 33 19 27 22 41 24 41 34 26 15 42 19 41 32 20 47 41 32 33 29 34 42 18 28 35 34 42 35 38 32 23 32 37 28 30 35 20 28 30 14 40 23 34 22 23 36 17 7 45 15 21 35 33 23 21 17 24 33 41 31 0 32 32 30 13 37 31 16 19 22 20 24 47 27 42 40 22 19 13 23 38 42 14 37 17 38 18 34 23 42 47 45 44 18 34 19 22 6
6 7 8 39 46 6 20 32 40 34 27 42 45 35 46 33 5 19 39 33 5 39 40 37 36 48 6 28 27 35 29 30 5 19 1 30 44 27 11 47 7 3 40 18 50 37 26 12 28 24 32 38 32 18 28 8 50 34 22 50 7 33 23 31 0 7 5 28 44 6 30 47 23 27 39 38 11 35 32 14 33 43 13 29 35 29 8 46 30 46 5 26 34 40 37 37 19 6 35 18 26
4 6 4 35 46 6 19 28 39 30 23 42 45 31 46 28 6 19 34 28 6 36 38 34 33 48 5 25 23 31 25 26 9 19 7 26 43 24 6 47 5 6 39 17 50 33 23 11 23 25 32 34 32 18 24 5 50 32 23 50 7 28 18 31 7 0 4 28 40 5 30 47 22 29 38 33 13 30 27 13 32 43 11 24 31 29 11 46 27 46 8 23 29 36 34 33 19 8 35 17 26
2 4 5 36 44 5 19 29 38 31 24 41 43 32 44 29 4 17 35 29 4 36 38 34 33 46 4 25 24 32 26 27 7 17 4 27 42 25 7 45 5 4 38 15 48 34 24 11 24 23 30 35 31 16 25 5 48 32 22 48 4 29 19 30 5 3 0 26 41 2 29 45 21 27 37 34 11 31 28 12 31 41 11 26 32 27 8 45 27 44 5 24 30 37 34 34 17 5 33 17 24
28 29 26 24 21 24 13 37 18 38 29 20 20 36 21 38 29 13 44 38 29 25 21 25 33 25 25 31 29 35 25 35 29 15 28 31 22 20 32 22 25 26 16 37 32 25 12 19 33 15 12 42 7 13 31 30 32 13 15 25 29 37 26 13 28 28 26 0 28 28 18 21 12 19 18 43 23 38 37 18 12 22 19 34 34 17 33 21 33 20 30 13 38 43 41 40 13 30 23 15 9
39 40 38 7 33 39 29 40 17 26 20 20 32 24 33 40 43 31 47 40 42 9 10 7 19 37 40 21 20 24 19 35 44 32 43 21 20 22 40 34 39 41 31 44 56 7 22 34 36 40 33 34 23 30 23 40 56 18 40 35 41 38 29 36 43 39 39 28 0 40 44 34 24 44 14 46 42 39 40 36 19 34 34 37 20 42 47 33 26 33 44 22 39 31 33 33 31 44 48 31 35
2 3 6 37 46 7 21 29 40 32 25 43 45 34 46 30 6 19 36 30 6 38 40 36 35 48 6 27 25 33 27 27 9 19 6 28 44 26 8 47 6 6 40 16 50 36 25 13 25 25 32 37 33 19 26 4 50 34 24 50 4 30 20 32 7 4 3 28 42 0 31 47 24 29 39 35 13 32 29 14 33 43 13 26 33 29 10 47 29 46 8 25 31 39 36 35 19 7 36 19 27
30 32 29 40 26 27 21 40 33 40 33 35 22 42 26 41 32 19 47 41 31 40 37 41 43 25 27 35 33 41 35 37 32 22 31 36 37 30 34 27 28 29 22 39 27 41 25 22 36 14 17 45 24 20 34 33 27 30 14 31 32 40 30 15 31 31 29 18 44 31 0 27 22 14 33 46 26 41 40 21 28 20 22 37 41 4 36 24 37 26 33 25 41 47 44 43 18 33 9 22 13
47 48 45 32 1 43 31 52 21 47 39 18 8 45 1 53 48 32 59 53 48 32 28 33 42 7 44 41 39 45 35 49 48 33 47 41 20 32 51 4 44 45 14 54 30 33 25 39 48 35 19 53 17 31 42 49 30 21 35 5 48 51 39 19 48 47 46 22 34 47 27 0 26 37 23 58 43 53 52 38 20 8 39 49 43 29 52 4 44 2 49 25 52 52 53 52 32 49 27 32 25
22 24 20 21 25 19 6 29 18 29 20 21 25 27 25 30 24 7 36 29 23 21 18 21 27 30 19 22 20 27 17 26 23 9 23 23 22 9 25 26 20 21 23 30 42 21 4 14 24 17 22 33 12 7 22 24 42 12 17 29 24 29 15 23 23 23 21 12 25 22 22 26 0 21 17 35 18 30 29 13 11 26 14 26 27 21 28 26 24 25 25 4 30 34 32 31 8 25 27 7 18
28 29 27 41 36 25 20 39 36 39 32 38 32 40 36 39 28 18 46 39 28 41 38 41 42 35 26 33 32 40 34 36 25 21 27 35 39 29 32 37 26 25 29 38 37 41 23 21 34 10 22 43 26 19 33 30 37 30 10 41 29 39 29 20 27 29 27 19 44 28 14 36 21 0 36 45 19 40 38 20 29 30 21 36 40 12 30 34 36 35 29 23 40 45 43 42 16 29 22 20 15
37 38 36 11 21 35 22 38 5 29 21 10 20 27 21 38 40 23 45 38 39 11 7 12 23 25 35 22 21 27 18 33 40 25 39 23 8 20 38 22 36 37 19 42 44 12 15 29 34 32 21 35 13 23 24 38 44 10 32 24 39 36 27 24 39 37 37 18 15 38 34 22 17 36 0 44 34 37 38 29 10 22 29 35 24 33 44 21 27 21 41 15 36 34 34 34 24 41 39 24 25
34 35 33 42 57 34 34 8 48 35 29 52 57 36 57 7 37 34 4 8 37 42 44 40 38 62 35 31 29 37 31 14 39 33 37 33 51 32 35 59 34 37 55 38 65 40 35 29 14 40 47 26 44 34 28 34 65 43 40 62 36 15 24 46 38 33 34 43 46 35 45 58 35 44 45 0 37 17 8 31 43 58 29 12 37 44 41 58 27 57 39 34 12 41 33 31 34 38 50 31 41
12 14 12 37 41 10 15 32 35 32 25 37 40 33 41 32 13 14 38 32 12 37 35 36 35 43 10 26 25 33 27 29 10 14 11 28 39 22 17 42 10 9 35 25 45 35 21 10 27 16 27 36 27 13 26 14 45 29 13 45 14 32 22 26 11 13 11 23 42 12 25 42 18 19 34 38 0 33 31 8 28 38 11 29 33 24 15 41 28 41 14 21 32 38 35 35 14 14 30 13 21
30 31 29 35 53 30 29 9 41 24 22 45 52 25 53 10 34 30 17 10 33 35 38 33 27 57 31 23 22 26 25 5 35 29 34 25 45 25 31 54 30 32 50 35 61 33 30 25 11 36 43 12 40 29 20 31 61 36 35 57 32 5 20 42 34 30 30 39 40 31 41 53 30 40 38 16 33 0 11 27 36 54 25 9 26 40 38 53 18 52 35 29 7 29 19 17 30 35 46 27 37
27 29 27 36 51 28 27 5 41 29 23 46 51 30 51 4 31 28 9 5 31 36 38 34 32 56 29 25 23 30 25 8 33 27 31 27 45 26 28 52 28 30 48 32 59 34 29 23 8 34 41 20 38 27 22 28 59 37 33 55 30 9 18 40 32 27 28 37 40 29 39 52 29 38 39 8 31 11 0 25 37 52 23 6 30 38 35 52 20 51 32 28 7 35 27 26 28 32 44 25 35
13 14 11 32 36 9 10 26 30 27 19 32 35 28 36 27 14 9 33 27 14 32 30 30 29 38 10 21 19 27 21 23 14 9 14 22 34 17 16 37 10 12 30 25 40 30 16 5 22 15 22 31 23 8 20 15 40 24 14 40 14 26 16 21 14 14 12 18 36 13 21 37 13 19 29 32 8 27 26 0 23 33 5 23 27 19 18 36 23 36 16 16 27 33 30 29 9 15 25 8 16
32 34 29 14 19 29 16 36 10 29 21 13 18 27 19 36 34 17 43 36 33 14 11 16 24 24 29 22 21 26 16 31 33 19 33 22 14 15 34 20 30 31 17 38 42 15 9 23 31 25 17 35 7 17 23 34 42 2 25 23 34 34 22 21 33 32 31 12 18 32 29 20 11 29 9 42 28 35 36 23 0 20 23 33 24 27 38 20 26 19 35 9 35 34 34 33 18 35 34 17 20
43 44 41 32 8 39 31 52 22 47 39 18 4 45 8 53 44 31 59 53 44 32 28 33 42 9 40 41 40 45 35 49 44 34 43 41 20 32 47 9 40 41 11 52 25 33 25 34 48 28 16 54 17 32 42 45 26 22 28 13 44 52 39 13 43 43 41 22 35 43 20 8 27 30 23 58 38 53 52 33 20 0 34 49 43 23 48 6 45 7 45 25 53 53 53 52 30 45 21 32 18
11 13 9 29 38 8 10 24 31 24 17 34 37 25 38 24 13 11 31 24 12 30 30 28 27 40 8 18 17 25 19 21 13 10 12 20 34 16 14 39 8 10 32 23 42 27 15 1 19 17 24 28 24 10 18 13 42 24 16 42 13 24 14 23 12 11 10 20 34 12 22 39 14 21 29 30 10 25 24 5 24 35 0 21 25 21 17 38 21 38 14 15 25 30 28 27 11 14 27 8 18
24 25 23 32 48 25 24 6 38 25 20 42 47 26 48 6 28 24 13 6 27 32 35 30 28 52 25 21 20 27 22 4 29 24 28 23 42 22 25 49 25 27 45 29 55 30 25 19 4 30 38 17 35 24 19 25 55 33 30 52 26 6 15 37 28 24 24 33 37 25 36 48 25 34 35 12 27 9 6 22 33 48 19 0 27 34 32 48 17 48 29 24 7 32 24 23 24 29 41 22 32
30 31 29 18 42 30 29 30 28 7 10 32 42 5 43 31 34 30 37 31 33 21 23 16 2 47 31 7 10 5 14 26 35 29 34 7 31 21 31 44 30 32 40 35 61 16 24 25 27 36 41 17 31 29 11 31 61 26 35 46 32 27 20 42 34 30 30 35 21 31 41 43 27 40 25 36 33 25 30 27 26 44 25 27 0 40 38 43 13 42 35 24 29 13 16 15 30 35 46 27 37
29 31 28 39 28 25 20 39 32 39 32 34 24 40 28 39 30 18 46 39 30 39 36 40 42 27 26 33 32 40 34 36 30 21 30 35 36 29 33 29 26 28 23 38 29 40 23 21 34 13 16 43 22 19 33 31 29 29 13 33 31 39 29 14 30 30 28 16 43 29 4 29 21 13 32 45 25 40 38 20 27 22 21 36 40 0 35 27 36 28 32 23 40 45 43 42 16 32 12 20 12
9 11 11 42 50 11 25 36 44 37 30 47 49 39 50 37 6 23 43 37 6 43 45 41 40 52 11 32 30 38 32 34 10 23 8 33 48 31 15 52 11 9 44 19 54 41 30 17 31 28 37 42 37 23 31 11 54 38 25 55 11 37 26 36 8 11 8 32 47 9 35 51 28 30 44 42 15 38 36 18 37 47 17 33 38 34 0 51 34 50 5 30 37 44 41 40 23 6 40 23 31
46 48 45 31 3 43 30 52 21 47 39 18 6 45 3 52 48 31 58 52 47 31 27 33 42 7 43 40 39 44 35 49 48 33 47 40 19 31 50 3 44 45 14 54 27 32 25 38 47 32 19 53 17 31 42 49 28 21 32 8 48 51 38 17 47 47 45 21 34 47 25 4 26 35 22 58 43 53 51 37 19 6 38 49 43 27 52 0 44 4 49 25 52 52 52 51 32 49 25 32 22
25 26 24 21 43 25 24 20 30 13 7 35 43 14 43 21 28 25 28 21 28 23 26 20 15 48 26 8 7 13 11 16 30 24 29 10 34 18 26 45 25 27 41 30 56 19 22 20 19 31 38 16 30 24 5 26 56 27 30 48 27 18 15 37 29 25 25 33 26 26 36 44 24 35 27 27 28 18 20 22 27 45 20 18 13 35 33 44 0 43 30 22 19 19 16 15 25 30 41 22 32
46 47 44 30 3 42 30 51 20 46 38 17 7 44 3 52 47 31 58 52 47 31 26 32 41 8 43 40 38 44 34 48 47 32 46 40 19 31 49 5 43 44 13 53 29 32 24 37 47 34 18 52 16 30 41 48 29 20 34 7 47 50 38 18 47 46 45 21 33 46 26 2 25 36 22 57 42 52 51 37 19 7 38 48 42 28 51 4 43 0 48 24 51 51 51 51 31 48 26 31 23
6 7 8 40 47 8 22 33 42 35 27 44 47 36 48 34 3 21 40 34 3 40 42 38 37 49 8 29 27 36 29 31 9 21 5 31 45 29 12 49 9 6 41 15 51 38 27 14 29 26 34 39 34 20 29 7 52 35 24 52 7 34 24 33 6 8 5 30 44 7 32 48 25 29 41 39 14 35 33 16 35 44 14 30 36 31 5 48 31 47 0 27 35 41 38 37 20 2 37 20 28
24 26 22 19 24 21 9 28 16 27 18 20 23 25 24 29 26 10 35 29 26 19 16 19 25 28 22 20 18 24 15 25 26 12 25 21 20 8 27 25 22 23 22 30 43 19 1 15 24 19 21 31 11 10 20 26 43 10 19 28 26 28 15 23 26 24 24 13 22 25 25 25 4 23 15 34 21 29 28 16 9 25 15 25 24 24 30 24 22 24 27 0 29 32 31 30 11 27 30 10 20
29 30 28 34 52 30 29 6 40 28 22 45 51 29 52 6 33 29 12 7 32 35 37 33 31 56 30 23 22 29 24 5 34 29 33 25 44 24 30 53 30 32 50 34 60 32 29 24 9 35 42 17 39 29 21 30 60 36 35 56 31 5 20 42 33 29 29 38 39 30 41 53 29 39 38 11 32 7 7 27 35 53 24 7 29 39 37 52 19 52 34 29 0 34 23 22 29 34 45 27 36
35 36 33 29 52 35 34 35 38 8 17 42 51 9 52 35 38 35 42 35 38 31 33 27 14 57 36 15 17 10 21 30 40 34 38 15 41 28 36 53 35 37 50 40 65 26 31 30 32 41 48 20 39 34 16 35 66 35 40 56 37 31 25 47 39 35 35 42 31 36 46 53 34 45 35 41 37 29 35 32 35 53 30 32 13 45 42 53 18 52 40 31 34 0 14 14 34 39 51 32 42
32 33 31 29 50 32 31 25 37 14 14 42 50 15 50 26 35 32 33 26 35 31 33 27 17 55 33 14 15 16 18 21 37 31 36 15 41 25 33 52 32 34 48 37 63 27 29 27 25 38 45 8 37 31 12 33 63 34 37 55 34 19 22 44 36 32 32 40 34 33 43 51 31 42 35 32 35 18 26 29 34 52 27 24 16 42 40 51 15 50 37 29 23 14 0 2 32 37 48 29 39
31 33 30 28 50 31 31 24 37 14 14 41 49 15 50 25 35 31 32 25 34 30 32 27 17 54 32 14 14 15 17 20 36 30 35 14 40 24 32 51 31 34 48 36 62 26 28 26 25 37 44 7 37 31 11 32 62 33 37 54 34 19 22 44 35 31 32 39 33 32 43 51 30 41 34 31 34 17 26 29 33 51 26 23 15 41 39 50 15 50 36 28 22 14 2 0 31 36 47 28 38
19 21 18 27 30 15 5 29 24 29 22 27 30 30 30 29 20 2 35 29 20 28 24 28 32 35 16 23 22 30 23 26 20 6 20 25 28 15 23 31 16 18 28 28 38 27 10 11 24 13 20 33 17 4 23 21 38 18 12 34 21 29 19 19 20 20 18 13 31 19 18 31 8 17 23 35 14 30 28 10 17 31 11 26 30 17 25 31 25 30 22 10 29 35 32 32 0 22 23 7 14
6 6 8 40 47 8 22 33 41 34 27 44 47 36 47 34 2 20 40 34 2 40 42 38 37 49 8 29 27 35 29 31 9 20 5 30 45 28 12 49 8 6 41 15 51 38 27 14 28 26 34 39 34 20 28 8 51 35 24 52 7 34 23 33 6 8 5 29 44 6 32 48 25 29 41 39 13 35 33 15 34 44 14 30 35 31 6 48 31 47 2 27 34 41 38 37 20 0 37 20 28
35 37 34 45 26 32 26 45 38 45 38 35 23 46 26 46 37 24 52 45 36 45 42 46 48 25 32 40 38 46 40 42 36 27 36 41 37 35 39 27 33 34 23 44 27 46 30 27 40 21 21 49 28 25 39 37 28 35 21 31 37 45 35 19 36 36 34 22 49 35 9 27 27 22 38 51 31 46 45 26 33 21 27 42 46 12 41 25 42 26 38 30 46 51 49 48 23 38 0 26 17
17 18 15 27 31 13 3 26 25 26 19 27 30 27 31 27 18 6 33 26 18 27 25 26 29 35 14 21 19 27 19 23 18 4 18 22 29 12 21 32 14 15 29 25 41 26 10 8 21 16 23 30 17 4 20 19 41 19 16 35 18 26 15 23 18 17 16 15 31 17 22 32 7 20 24 32 13 27 26 8 18 32 8 23 27 20 22 31 23 31 19 10 27 32 30 29 8 19 26 0 17
26 27 24 32 24 22 17 36 25 36 29 27 20 37 24 36 27 15 42 36 27 32 29 33 38 23 23 30 29 37 31 33 27 18 27 32 28 26 30 25 23 24 16 35 26 33 20 18 31 11 9 40 15 16 30 28 27 21 11 29 27 35 26 7 27 27 25 9 36 26 13 25 18 15 25 41 22 37 35 17 19 18 18 32 37 12 31 22 32 24 28 20 36 42 39 39 13 28 17 17 0
EOF