NAME: pdptw-n20-ber2
LOCATION: Berlin
COMMENT:  ber20-1
TYPE: PDPTW
SIZE: 21
DISTRIBUTION: cluster-random (5 / 1.2)
DEPOT: random
ROUTE-TIME: 800
TIME-WINDOW: 180
CAPACITY: 100
NODES
0 52.60930490 13.31463360 0 0 800 0 0 0
1 52.48363800 13.33292870 16 433 613 5 0 11
2 52.49990060 13.41719570 10 0 119 5 0 12
3 52.58941310 13.44430920 60 373 553 5 0 13
4 52.43512290 13.30755560 51 0 800 5 0 14
5 52.53053560 13.57050230 42 596 776 5 0 15
6 52.43447650 13.30729470 10 0 127 5 0 16
7 52.59012780 13.42755510 37 534 714 5 0 17
8 52.53051390 13.56232760 42 0 169 5 0 18
9 52.44834230 13.30976910 23 191 371 5 0 19
10 52.49949110 13.31865550 43 234 414 5 0 20
11 52.49318370 13.39859040 -16 449 629 5 1 0
12 52.45920760 13.39756440 -10 19 199 5 2 0
13 52.44069720 13.50266340 -60 416 596 5 3 0
14 52.55183060 13.41500520 -51 0 800 5 4 0
15 52.54505390 13.42653030 -42 624 778 5 5 0
16 52.53401390 13.15268630 -10 36 216 5 6 0
17 52.47575500 13.34442930 -37 568 748 5 7 0
18 52.45380200 13.60597730 -42 27 207 5 8 0
19 52.46422560 13.28070840 -23 206 386 5 9 0
20 52.57142800 13.56325230 -43 273 453 5 10 0
EDGES
0 24 29 23 30 43 30 20 41 28 22 29 28 37 21 23 29 23 51 25 38
24 0 15 30 14 37 13 29 36 10 6 11 10 20 21 20 25 5 33 11 36
29 16 0 22 23 26 23 23 24 20 15 5 14 19 13 12 35 15 32 24 25
23 31 22 0 39 25 38 5 24 36 29 23 31 37 12 11 39 31 41 33 17
31 12 22 39 0 44 2 36 43 5 15 18 14 24 31 29 32 11 37 9 43
43 37 26 25 45 0 44 29 3 41 36 27 35 29 24 23 54 37 23 45 11
31 12 22 38 2 44 0 36 42 5 15 18 13 23 31 29 31 11 37 8 43
20 29 22 5 36 28 36 0 26 34 27 23 31 36 11 11 36 29 41 31 21
42 35 24 24 43 3 42 28 0 39 34 25 32 28 23 21 52 35 22 43 11
29 9 19 36 5 40 5 34 39 0 13 15 11 20 28 26 30 8 34 9 40
24 6 14 28 15 35 15 26 34 13 0 11 14 23 19 19 24 9 36 12 34
29 11 5 23 19 27 19 24 26 16 12 0 10 18 14 13 33 11 31 19 26
29 10 14 32 14 34 13 32 33 12 13 10 0 13 23 21 30 8 27 16 35
37 18 19 37 24 27 24 37 27 21 21 17 13 0 28 27 38 17 18 25 35
20 22 14 11 31 25 31 11 23 27 20 15 23 29 0 3 32 22 36 26 19
22 20 11 13 29 23 29 13 22 26 19 12 21 26 3 0 34 21 34 27 19
30 24 35 39 31 55 31 37 53 29 23 32 29 38 34 35 0 24 52 26 51
24 5 15 31 11 37 11 29 35 8 8 11 7 17 22 21 25 0 30 11 36
52 33 31 40 39 23 38 43 22 35 36 31 27 19 35 34 52 31 0 39 31
26 11 23 33 9 44 8 31 43 9 10 20 16 25 28 28 26 11 39 0 43
37 37 25 17 44 11 44 21 12 40 35 26 35 34 20 18 50 36 31 43 0
EOF