NAME: pdptw-n20-ber2
LOCATION: Berlin
COMMENT:  ber20-1
TYPE: PDPTW
SIZE: 21
DISTRIBUTION: cluster-random (5 / 1.2)
DEPOT: random
ROUTE-TIME: 800
TIME-WINDOW: 180
CAPACITY: 100
NODES
0 52.41831030 13.48380590 0 0 800 0 0 0
1 52.41806500 13.34596640 38 70 250 5 0 11
2 52.43380850 13.45348780 45 76 256 5 0 12
3 52.48475680 13.52036030 42 179 359 5 0 13
4 52.56187830 13.38987250 47 332 512 5 0 14
5 52.43213090 13.46233940 14 394 574 5 0 15
6 52.56209500 13.39524920 15 453 633 5 0 16
7 52.48649560 13.52056420 59 0 800 5 0 17
8 52.50500840 13.50001900 26 244 424 5 0 18
9 52.40825260 13.39017860 27 133 313 5 0 19
10 52.61561610 13.32370050 36 12 192 5 0 20
11 52.53610730 13.15631160 -38 116 296 5 1 0
12 52.56229550 13.40261680 -45 292 472 5 2 0
13 52.41784050 13.33689620 -42 220 400 5 3 0
14 52.55413210 13.38474940 -47 341 521 5 4 0
15 52.64090380 13.28687260 -14 443 623 5 5 0
16 52.48575140 13.58910720 -15 492 672 5 6 0
17 52.44214080 13.27134630 -59 0 800 5 7 0
18 52.58376050 13.40020970 -26 275 455 5 8 0
19 52.58577060 13.39398780 -27 180 360 5 9 0
20 52.49482050 13.42657530 -36 231 411 5 10 0
EDGES
0 23 8 23 34 6 35 23 24 17 42 41 34 24 34 47 26 27 39 40 19
24 0 19 36 35 18 36 36 36 12 39 38 37 4 35 44 44 14 39 40 26
7 19 0 23 31 3 32 23 24 13 38 37 31 20 31 43 29 24 35 36 15
23 35 22 0 29 21 29 2 9 32 44 49 27 35 29 50 15 36 31 32 21
35 34 31 28 0 31 2 28 23 36 19 29 3 33 4 25 33 27 6 7 20
6 18 3 22 31 0 32 22 23 12 39 38 32 19 32 44 28 24 36 37 16
36 35 32 28 2 33 0 28 23 37 19 31 3 35 5 25 34 28 7 7 21
23 36 23 1 28 22 28 0 9 33 43 50 26 35 28 49 16 37 30 31 21
24 36 24 9 23 23 24 9 0 34 39 47 21 35 24 45 15 36 26 27 16
17 12 13 33 36 12 37 33 34 0 44 43 38 13 36 49 38 24 42 42 25
42 38 38 44 19 39 19 44 39 43 0 33 20 38 19 10 49 31 18 17 34
41 37 37 50 30 37 31 50 46 42 33 0 33 37 30 38 57 30 35 35 37
35 36 31 26 3 32 4 26 20 38 20 32 0 36 6 26 31 30 7 8 19
24 3 20 36 34 19 35 35 35 13 39 37 36 0 34 44 43 12 39 39 26
34 33 30 28 2 30 4 27 22 35 18 29 5 32 0 24 33 26 8 9 19
46 43 43 50 25 43 25 50 44 48 10 38 26 42 25 0 55 36 24 23 39
27 44 30 16 33 29 34 16 16 39 49 57 32 43 34 55 0 44 36 37 28
27 14 23 36 27 24 29 36 36 24 32 31 30 12 28 37 44 0 32 33 25
39 39 35 31 6 36 6 30 25 41 18 34 7 38 9 24 36 32 0 2 23
40 39 36 31 6 37 7 31 25 42 17 35 7 39 9 23 36 32 2 0 24
20 26 16 21 20 17 21 21 16 26 33 37 19 26 20 40 27 25 24 24 0
EOF