NAME: pdptw-n20-ber2
LOCATION: Berlin
COMMENT:  ber20-1
TYPE: PDPTW
SIZE: 21
DISTRIBUTION: cluster-random (5 / 1.2)
DEPOT: random
ROUTE-TIME: 800
TIME-WINDOW: 180
CAPACITY: 100
NODES
0 52.47256790 13.37245540 0 0 800 0 0 0
1 52.46465270 13.58450100 42 513 693 5 0 11
2 52.51288830 13.27920990 35 206 386 5 0 12
3 52.45922320 13.13294180 37 118 298 5 0 13
4 52.53333940 13.56985210 11 250 430 5 0 14
5 52.53807820 13.59215390 42 224 404 5 0 15
6 52.45050650 13.59985010 43 0 150 5 0 16
7 52.54162600 13.57236450 12 293 473 5 0 17
8 52.49906440 13.33582110 25 175 355 5 0 18
9 52.47572410 13.37460080 36 255 435 5 0 19
10 52.53120560 13.19855010 25 338 518 5 0 20
11 52.55332420 13.49962300 -42 546 726 5 1 0
12 52.50182860 13.57920030 -35 247 427 5 2 0
13 52.50869280 13.27510160 -37 155 335 5 3 0
14 52.50042700 13.40689390 -11 287 467 5 4 0
15 52.43573050 13.36636760 -42 288 468 5 5 0
16 52.41675960 13.55015750 -43 22 202 5 6 0
17 52.63213340 13.29554300 -12 346 526 5 7 0
18 52.46388970 13.51006270 -25 208 388 5 8 0
19 52.55121270 13.36786340 -36 278 458 5 9 0
20 52.55427240 13.43914780 -25 381 561 5 10 0
EDGES
0 29 14 36 34 37 29 35 11 2 25 27 32 13 11 12 21 33 17 20 22
29 0 37 59 17 18 7 18 35 29 48 25 9 36 30 33 17 56 13 38 32
13 36 0 24 39 42 36 40 9 13 12 31 36 3 18 19 28 23 24 14 23
35 58 24 0 61 64 58 62 31 35 17 53 58 24 40 41 50 46 46 37 46
34 18 38 61 0 7 22 3 33 33 49 14 9 39 24 41 27 48 24 31 22
38 18 42 64 8 0 23 7 37 37 53 17 10 43 28 45 30 51 26 34 25
29 6 37 59 22 24 0 23 35 30 48 28 15 36 30 34 17 57 14 41 35
35 19 39 62 4 5 24 0 34 34 50 14 11 40 26 43 29 48 25 31 22
11 34 11 33 33 37 34 35 0 11 22 26 31 10 10 18 27 30 23 15 19
2 29 14 36 33 36 29 34 11 0 25 26 30 14 9 13 21 34 17 18 21
23 46 11 18 50 53 46 51 20 24 0 40 47 12 28 30 39 30 35 22 32
27 25 29 53 14 17 28 14 25 26 39 0 16 31 17 36 33 37 23 20 10
32 9 36 59 9 10 14 10 31 31 48 17 0 37 22 38 22 48 18 30 23
13 36 3 23 39 42 36 40 10 13 12 31 36 0 18 19 28 25 24 15 24
11 30 18 40 24 28 31 26 10 9 29 17 22 19 0 20 24 34 18 14 13
13 34 21 43 43 46 34 44 18 13 32 36 40 20 20 0 27 40 22 30 32
21 16 29 51 27 30 16 28 26 21 40 33 22 28 24 26 0 48 15 36 36
32 55 22 45 47 51 55 48 28 33 31 36 48 23 34 39 48 0 44 21 29
17 13 25 47 23 26 14 25 22 17 36 23 19 24 18 21 15 44 0 28 24
20 39 12 36 31 35 42 32 14 19 22 20 30 14 14 29 36 20 29 0 12
23 32 21 45 21 25 35 22 20 22 31 10 23 23 14 32 36 29 24 12 0
EOF