NAME: pdptw-n20-ber2
LOCATION: Berlin
COMMENT:  ber20-1
TYPE: PDPTW
SIZE: 21
DISTRIBUTION: cluster-random (5 / 1.2)
DEPOT: random
ROUTE-TIME: 800
TIME-WINDOW: 180
CAPACITY: 100
NODES
0 52.54256090 13.44000370 0 0 800 0 0 0
1 52.55788920 13.46229220 41 122 302 5 0 11
2 52.54400850 13.15202250 25 238 418 5 0 12
3 52.59601360 13.38813540 28 496 676 5 0 13
4 52.41244550 13.25596400 22 464 644 5 0 14
5 52.53485710 13.17908680 32 342 522 5 0 15
6 52.55688310 13.46081020 60 561 741 5 0 16
7 52.59572040 13.38261170 37 380 560 5 0 17
8 52.54324610 13.14915740 11 0 158 5 0 18
9 52.39602640 13.38221560 60 122 302 5 0 19
10 52.44641770 13.55522590 43 165 345 5 0 20
11 52.55746590 13.48186640 -41 133 313 5 1 0
12 52.56239660 13.41545440 -25 286 466 5 2 0
13 52.47657120 13.60716650 -28 555 735 5 3 0
14 52.54550010 13.12985760 -22 511 691 5 4 0
15 52.52684180 13.35181220 -32 373 553 5 5 0
16 52.45654720 13.31118600 -60 597 773 5 6 0
17 52.43088350 13.36526880 -37 425 605 5 7 0
18 52.56372750 13.36644700 -11 33 213 5 8 0
19 52.59484800 13.32338210 -60 170 350 5 9 0
20 52.54110190 13.35050080 -43 385 565 5 10 0
EDGES
0 7 36 15 37 33 6 16 37 34 29 8 7 28 41 14 27 29 12 21 15
5 0 39 17 42 36 1 18 40 38 29 6 10 28 45 18 32 34 15 24 18
37 41 0 36 36 5 40 35 1 43 46 43 35 56 6 27 29 37 27 29 24
15 16 36 0 40 33 16 2 37 45 41 19 11 41 42 18 32 40 10 12 16
37 42 36 41 0 33 41 40 37 21 39 43 39 48 42 29 15 19 32 33 28
35 38 5 33 33 0 37 33 6 39 43 40 32 53 11 24 25 34 24 26 21
5 1 39 17 41 36 0 17 39 38 29 5 9 28 44 18 31 33 14 23 17
16 17 35 2 39 32 17 0 36 45 42 20 11 42 41 19 32 40 10 12 15
38 41 1 37 37 6 41 36 0 44 47 44 36 57 6 28 30 38 28 30 25
34 39 44 46 21 40 39 46 45 0 29 40 39 40 49 31 20 10 37 39 34
28 31 47 41 40 43 30 42 48 31 0 28 33 13 52 33 29 28 37 42 35
7 5 41 19 44 38 5 20 42 40 27 0 12 26 47 20 34 36 17 26 20
7 10 34 11 38 31 9 11 35 39 34 12 0 34 40 15 30 34 9 17 13
28 30 56 42 49 53 29 42 57 41 13 27 34 0 62 37 39 37 38 48 39
43 46 6 42 42 11 46 41 6 48 52 49 40 62 0 33 34 43 33 34 30
16 20 27 20 29 24 20 19 28 32 34 22 16 37 33 0 19 26 10 17 5
27 32 29 32 15 26 32 32 30 20 29 33 31 39 35 19 0 14 23 25 20
30 35 38 41 20 35 34 41 39 10 28 36 34 38 44 26 14 0 32 34 29
13 16 27 11 31 24 16 10 28 37 37 19 10 39 33 10 24 32 0 10 6
22 24 28 13 33 25 24 13 29 39 42 27 18 48 34 17 25 33 11 0 13
15 19 24 16 28 21 18 15 25 34 36 21 13 39 30 6 20 29 6 13 0
EOF