NAME: pdptw-n20-ber2
LOCATION: Berlin
COMMENT:  ber20-1
TYPE: PDPTW
SIZE: 21
DISTRIBUTION: cluster-random (5 / 1.2)
DEPOT: random
ROUTE-TIME: 800
TIME-WINDOW: 180
CAPACITY: 100
NODES
0 52.54379780 13.26468880 0 0 800 0 0 0
1 52.59249810 13.33162410 58 0 159 5 0 11
2 52.47817110 13.30803990 44 252 432 5 0 12
3 52.43169190 13.50998290 28 66 246 5 0 13
4 52.58866460 13.40427250 43 536 716 5 0 14
5 52.41228350 13.25900320 57 262 442 5 0 15
6 52.58520180 13.33318510 10 259 439 5 0 16
7 52.58172150 13.39574130 11 39 219 5 0 17
8 52.62372470 13.31098850 57 204 384 5 0 18
9 52.50924920 13.30271410 45 243 423 5 0 19
10 52.57564270 13.30580430 40 126 306 5 0 20
11 52.40649070 13.53878450 -58 52 232 5 1 0
12 52.42164760 13.42121990 -44 457 637 5 2 0
13 52.58374650 13.35463840 -28 116 296 5 3 0
14 52.51740870 13.16704250 -43 586 766 5 4 0
15 52.39739500 13.40051840 -57 290 470 5 5 0
16 52.43907970 13.68649250 -10 324 504 5 6 0
17 52.51483500 13.29101820 -11 66 246 5 7 0
18 52.43260010 13.57645670 -57 277 457 5 8 0
19 52.44056870 13.50378180 -45 274 454 5 9 0
20 52.56254890 13.35321270 -40 139 319 5 10 0
EDGES
0 16 13 29 23 27 16 21 21 12 13 35 30 18 17 33 52 11 41 29 15
16 0 18 35 13 32 3 13 8 17 6 41 35 5 27 39 58 17 46 34 8
14 18 0 19 25 18 18 23 23 6 15 26 20 19 19 24 43 10 31 19 17
30 34 18 0 38 32 34 37 39 23 31 9 15 36 36 20 26 27 14 4 33
24 13 25 38 0 39 13 4 18 24 15 45 40 9 34 43 54 23 45 36 10
29 33 18 31 40 0 33 38 38 22 30 37 27 34 33 23 54 25 43 31 32
16 3 18 34 13 32 0 12 9 17 6 40 35 5 27 39 58 16 46 34 7
22 13 24 37 4 38 12 0 18 23 13 43 39 9 33 42 53 22 44 35 9
21 8 23 39 18 37 9 18 0 22 12 45 40 11 32 44 62 21 51 39 13
12 17 7 24 23 22 17 22 22 0 14 30 25 18 17 28 47 4 35 24 16
13 6 15 31 15 29 6 13 12 14 0 37 32 8 24 36 54 13 43 31 8
37 41 25 9 45 38 41 43 46 29 38 0 20 42 42 26 28 33 16 12 40
31 35 19 14 40 27 35 39 40 24 32 20 0 37 37 9 38 28 26 14 34
18 5 20 36 9 34 5 9 11 19 8 42 37 0 29 41 57 18 47 36 6
18 28 19 35 35 32 28 33 33 17 25 41 36 29 0 39 58 18 46 35 27
35 39 23 20 44 23 39 42 44 28 36 26 9 41 41 0 44 32 32 20 38
54 58 42 26 54 55 58 52 63 47 55 28 38 57 59 44 0 50 18 28 54
11 16 9 25 22 22 16 21 21 6 13 31 26 17 17 29 48 0 36 25 15
43 47 31 15 45 44 47 44 52 35 44 17 27 47 48 33 18 39 0 17 45
30 34 18 4 36 31 34 35 39 23 31 12 14 35 35 20 27 26 15 0 33
15 8 17 33 11 30 7 9 14 15 8 39 33 6 26 37 54 15 44 32 0
EOF