NAME: pdptw-n20-ber2
LOCATION: Berlin
COMMENT:  ber20-1
TYPE: PDPTW
SIZE: 101
DISTRIBUTION: cluster-random (10 / 1.2)
DEPOT: random
ROUTE-TIME: 5000
TIME-WINDOW: 240
CAPACITY: 100
NODES
0 52.53800840 13.48152430 0 0 5000 0 0 0
1 52.50967770 13.20062690 15 2389 2629 5 0 51
2 52.61130110 13.22218670 51 1405 1645 5 0 52
3 52.45295160 13.25693270 59 1977 2217 5 0 53
4 52.41548760 13.51655580 31 1874 2114 5 0 54
5 52.54857360 13.35478840 11 4719 4959 5 0 55
6 52.47538560 13.32505960 33 354 594 5 0 56
7 52.43305100 13.70738460 47 2418 2658 5 0 57
8 52.43103070 13.28342910 55 2959 3199 5 0 58
9 52.49540340 13.57529470 27 1136 1376 5 0 59
10 52.42012550 13.50886330 37 4388 4628 5 0 60
11 52.41521970 13.52098150 39 254 494 5 0 61
12 52.48778560 13.35751690 37 2134 2374 5 0 62
13 52.42564390 13.27480740 16 4113 4353 5 0 63
14 52.61753200 13.23734630 24 84 324 5 0 64
15 52.44923520 13.25836630 21 3021 3261 5 0 65
16 52.55914720 13.35206050 19 2060 2300 5 0 66
17 52.43215910 13.27996710 45 4018 4258 5 0 67
18 52.48884710 13.57764650 55 2616 2856 5 0 68
19 52.44856170 13.25806980 28 1435 1675 5 0 69
20 52.48020630 13.32193950 12 1476 1716 5 0 70
21 52.43047510 13.27843700 57 908 1148 5 0 71
22 52.42485890 13.52732660 27 1811 2051 5 0 72
23 52.41867370 13.54609070 24 3517 3757 5 0 73
24 52.50084980 13.30625400 57 0 5000 5 0 74
25 52.54555420 13.18533240 13 3345 3585 5 0 75
26 52.41063130 13.49877650 59 2326 2566 5 0 76
27 52.41947490 13.28632240 15 4176 4416 5 0 77
28 52.41639110 13.55010620 32 4 244 5 0 78
29 52.60166300 13.24404670 44 727 967 5 0 79
30 52.52280680 13.37877040 60 3379 3619 5 0 80
31 52.43260440 13.70429460 54 2192 2432 5 0 81
32 52.42579940 13.25017780 59 3418 3658 5 0 82
33 52.47370750 13.33829530 38 1639 1879 5 0 83
34 52.44881380 13.24354510 52 3275 3515 5 0 84
35 52.55358070 13.36454080 29 574 814 5 0 85
36 52.41441900 13.51728530 31 868 1108 5 0 86
37 52.43646620 13.72028320 52 1023 1263 5 0 87
38 52.44453290 13.43377150 52 886 1126 5 0 88
39 52.42582220 13.48150530 19 1939 2179 5 0 89
40 52.42989710 13.48975600 48 2987 3227 5 0 90
41 52.51988610 13.18643180 12 3974 4214 5 0 91
42 52.42964830 13.22307370 39 0 5000 5 0 92
43 52.45489060 13.32439880 51 10 250 5 0 93
44 52.55547260 13.34657910 58 2204 2444 5 0 94
45 52.61161880 13.37317470 26 1075 1315 5 0 95
46 52.61614610 13.21908160 60 1394 1634 5 0 96
47 52.60861420 13.41961820 35 2490 2730 5 0 97
48 52.60508930 13.20554030 38 2320 2560 5 0 98
49 52.44318470 13.56244640 52 187 427 5 0 99
50 52.41436840 13.64996800 15 2695 2935 5 0 100
51 52.54518740 13.37750520 -15 2424 2664 5 1 0
52 52.42271210 13.27099370 -51 1449 1689 5 2 0
53 52.54637730 13.34868000 -59 2004 2244 5 3 0
54 52.41010790 13.66160200 -31 1903 2143 5 4 0
55 52.44642570 13.36341390 -11 4755 4973 5 5 0
56 52.45448200 13.39871480 -33 369 609 5 6 0
57 52.64837390 13.50422020 -47 2488 2728 5 7 0
58 52.52031330 13.47482130 -55 3237 3477 5 8 0
59 52.54699230 13.36570830 -27 1412 1652 5 9 0
60 52.47202570 13.32760000 -37 4418 4658 5 10 0
61 52.43457730 13.69607500 -39 301 541 5 11 0
62 52.59772130 13.21421960 -37 2172 2412 5 12 0
63 52.62036600 13.23610750 -16 4392 4632 5 13 0
64 52.44565310 13.28345000 -24 122 362 5 14 0
65 52.50440460 13.61347800 -21 3089 3329 5 15 0
66 52.43320160 13.30082910 -19 2091 2331 5 16 0
67 52.44037640 13.27424250 -45 4026 4266 5 17 0
68 52.46347130 13.49050320 -55 2646 2886 5 18 0
69 52.50330940 13.18121640 -28 1466 1706 5 19 0
70 52.51713070 13.55157990 -12 1526 1766 5 20 0
71 52.50016780 13.38912930 -57 935 1175 5 21 0
72 52.42777440 13.70141810 -27 1845 2085 5 22 0
73 52.57377020 13.32920910 -24 3559 3799 5 23 0
74 52.49743500 13.18129210 -57 0 5000 5 24 0
75 52.53067500 13.41955500 -13 3383 3623 5 25 0
76 52.56763040 13.44749080 -59 2370 2610 5 26 0
77 52.56321530 13.34544200 -15 4211 4451 5 27 0
78 52.46045410 13.34429490 -32 38 278 5 28 0
79 52.40306920 13.58158310 -44 779 1019 5 29 0
80 52.62505250 13.49553260 -60 3413 3653 5 30 0
81 52.48792210 13.57825440 -54 2222 2462 5 31 0
82 52.47947640 13.48282590 -59 3450 3690 5 32 0
83 52.60168350 13.43717550 -38 1676 1916 5 33 0
84 52.53218900 13.32515340 -52 3306 3546 5 34 0
85 52.52784530 13.40043400 -29 829 1069 5 35 0
86 52.55376840 13.42741930 -31 907 1147 5 36 0
87 52.55577910 13.47455300 -52 1074 1314 5 37 0
88 52.53376690 13.13908560 -52 926 1166 5 38 0
89 52.44995810 13.53072120 -19 1959 2199 5 39 0
90 52.38613690 13.40654270 -48 3010 3250 5 40 0
91 52.44712000 13.47841150 -12 4011 4251 5 41 0
92 52.52478150 13.63156140 -39 0 5000 5 42 0
93 52.46015850 13.31351980 -51 18 258 5 43 0
94 52.56552390 13.53096600 -58 2236 2476 5 44 0
95 52.43123560 13.68945380 -26 1170 1410 5 45 0
96 52.50530510 13.55735810 -60 1449 1689 5 46 0
97 52.47907500 13.59258570 -35 2540 2780 5 47 0
98 52.55201330 13.36658820 -38 2590 2830 5 48 0
99 52.61670030 13.23473740 -52 246 486 5 49 0
100 52.61080810 13.44691970 -15 2774 3014 5 50 0
EDGES
0 36 38 36 32 20 27 42 35 19 30 33 21 35 37 36 20 33 20 36 26 34 29 33 25 37 31 36 33 35 16 42 37 25 40 18 32 43 26 28 28 37 38 28 20 31 39 19 42 26 38 18 36 20 37 27 24 27 6 18 27 40 41 36 32 19 33 33 20 39 13 16 43 24 41 10 11 20 27 34 23 20 18 18 22 12 11 7 43 26 38 24 25 29 11 42 15 22 18 36 21
35 0 29 21 35 21 17 57 25 46 33 36 21 25 30 22 22 24 47 22 16 24 32 36 14 11 34 29 37 26 23 57 26 18 23 22 35 59 26 31 31 5 25 21 21 37 29 36 28 38 50 26 26 20 50 24 23 47 35 23 17 56 24 29 21 47 25 23 31 6 44 26 59 22 9 28 35 22 20 41 44 48 30 36 18 27 31 37 11 37 36 29 53 20 44 57 43 48 23 30 39
38 28 0 31 44 20 27 67 35 51 43 46 31 35 6 32 19 34 52 32 25 34 42 46 25 23 44 38 46 4 28 67 36 28 33 21 45 69 36 41 41 26 35 31 19 24 3 31 5 48 60 26 36 20 60 34 33 45 38 22 27 66 6 5 31 52 35 33 40 30 49 32 69 17 32 32 32 18 30 51 41 53 39 33 21 30 30 37 30 47 46 39 58 30 44 67 48 55 22 4 35
36 22 34 0 31 23 12 54 9 46 30 33 18 8 32 3 24 8 45 3 13 7 28 33 14 27 31 12 33 30 24 54 8 14 6 24 31 55 23 28 27 24 7 11 23 39 34 38 37 35 46 28 8 22 46 16 19 49 35 25 12 53 36 31 6 48 10 6 27 25 44 25 55 24 27 28 37 24 13 37 46 45 26 38 20 28 33 37 30 34 27 26 54 9 45 54 43 44 25 32 41
30 35 45 32 0 34 22 32 30 24 3 2 23 30 43 31 35 29 23 32 22 29 6 8 25 40 4 31 8 41 28 32 33 20 36 34 1 34 14 7 8 37 34 24 34 50 46 45 48 13 25 34 31 33 24 21 17 52 27 33 22 31 48 42 27 28 28 29 13 39 28 24 34 36 41 28 37 35 22 15 49 23 16 43 31 30 34 34 44 15 22 12 34 24 39 32 25 23 34 43 46
19 21 22 22 34 0 17 54 25 32 32 36 17 26 20 23 4 24 33 22 16 24 31 36 15 21 34 29 36 18 9 55 26 18 24 4 34 56 25 31 30 23 25 21 3 21 23 18 25 36 47 7 26 3 47 24 22 29 19 3 18 53 25 20 22 33 25 23 26 24 29 13 56 8 27 13 16 5 20 40 26 33 24 18 7 10 13 19 27 33 35 28 39 20 26 54 28 35 3 20 21
26 18 27 12 21 16 0 44 12 36 20 23 7 12 25 12 17 11 35 12 3 11 19 23 8 22 21 14 23 23 14 44 15 4 17 18 22 46 13 18 17 20 16 6 16 32 28 32 31 25 37 20 13 15 36 10 9 42 25 18 2 43 30 25 9 37 11 11 17 21 34 15 46 18 24 18 27 18 6 28 39 35 16 32 13 18 24 28 26 24 23 16 44 6 35 44 33 35 18 25 35
40 58 68 55 32 55 44 0 53 26 31 34 46 53 66 54 56 51 25 54 44 52 27 29 48 63 34 54 29 64 48 2 55 43 59 54 32 3 38 33 32 60 57 46 56 68 68 56 71 21 26 54 54 55 26 44 40 65 38 53 45 4 70 65 50 28 51 51 29 62 33 46 3 58 64 44 49 56 45 30 59 25 32 55 54 47 48 44 66 25 47 33 34 47 44 5 30 22 54 66 58
34 26 36 9 29 25 12 52 0 44 28 31 17 3 34 7 26 2 43 7 13 2 26 31 17 31 29 6 31 32 25 52 7 12 12 26 29 53 21 26 25 28 9 10 25 41 37 41 39 33 44 31 4 24 44 12 17 51 33 27 12 51 39 34 4 45 4 4 25 30 42 23 53 27 32 28 37 26 12 35 48 43 24 41 22 29 34 37 35 32 22 24 51 9 44 52 41 42 27 34 43
18 47 53 46 24 33 36 26 44 0 23 26 32 45 51 46 34 43 2 46 36 43 19 21 36 51 26 46 21 49 27 26 47 35 50 32 24 27 29 25 24 49 48 38 34 46 53 34 56 14 23 31 45 33 23 35 31 43 16 31 37 25 55 50 42 6 43 43 20 50 9 27 28 38 53 22 27 34 37 23 37 3 23 33 34 24 25 22 55 16 40 25 12 38 20 26 6 5 32 51 36
29 34 44 30 3 33 20 31 29 23 0 4 22 29 42 30 34 27 22 30 20 28 4 7 24 39 4 30 7 40 27 31 31 19 35 33 3 32 12 6 6 36 32 22 33 49 44 43 47 12 23 33 30 32 23 20 16 51 26 32 21 29 46 41 26 26 27 27 12 38 27 23 32 34 40 27 36 34 21 13 48 22 15 42 30 29 32 33 42 14 20 11 33 23 38 31 24 21 33 42 45
32 37 47 33 2 36 23 33 32 26 4 0 25 32 45 33 37 30 25 33 23 31 7 10 27 42 6 33 10 43 30 34 34 22 38 36 2 35 15 9 9 39 35 25 36 51 47 46 50 15 26 36 33 35 26 23 19 54 29 35 24 32 49 44 29 29 30 30 15 41 30 26 35 37 43 30 39 37 24 16 51 25 18 45 33 32 35 36 45 17 23 14 36 26 41 34 27 24 35 45 48
21 21 30 18 22 18 7 45 16 32 21 24 0 16 29 17 19 14 33 17 7 15 20 24 10 26 22 17 24 27 13 45 19 6 22 18 23 47 14 19 19 23 20 9 18 35 31 31 34 26 38 18 17 16 38 12 11 40 20 17 7 44 33 28 13 33 14 14 18 25 29 10 47 21 27 15 24 20 8 29 36 33 17 30 14 16 21 24 29 25 24 17 39 10 32 45 28 35 17 29 33
34 26 36 8 29 25 12 52 3 44 28 31 17 0 35 7 26 2 43 6 13 2 27 31 17 31 29 5 31 32 25 52 6 13 11 27 30 54 21 26 26 28 8 10 25 41 37 41 40 33 45 31 2 25 45 13 18 52 33 27 12 51 39 34 5 46 5 5 25 30 42 23 54 27 32 29 37 27 12 36 49 43 24 41 23 29 34 37 34 32 23 24 52 9 44 52 41 43 27 34 44
36 29 6 30 43 18 25 65 33 50 41 44 29 33 0 30 17 32 51 30 24 32 40 44 23 26 43 37 45 6 26 65 34 26 32 20 43 67 34 40 39 29 33 29 17 23 5 30 9 47 58 25 34 19 58 32 31 43 36 21 25 64 10 2 30 51 33 31 39 32 47 31 67 15 35 31 31 16 28 49 39 51 38 31 20 28 28 35 33 45 45 37 57 28 42 65 46 53 20 2 34
36 22 34 3 31 23 12 54 7 46 30 33 18 7 32 0 24 6 45 1 13 6 28 33 14 27 31 10 33 30 24 54 7 14 7 24 31 55 23 28 27 24 7 11 23 38 34 38 37 35 46 28 7 22 46 16 19 49 35 25 12 53 36 31 6 48 9 5 27 26 44 25 55 24 28 28 37 24 13 37 46 45 26 38 20 28 33 37 30 34 27 26 54 9 45 54 43 44 25 32 41
21 21 21 22 35 4 18 57 26 34 34 37 18 26 19 23 0 24 35 23 16 25 33 37 15 21 35 29 37 17 12 57 27 18 24 5 36 59 27 32 31 23 26 22 2 18 22 16 24 39 51 9 27 5 50 25 23 28 21 6 18 56 24 18 22 35 26 24 30 25 31 16 59 6 27 15 16 2 21 42 25 36 28 17 7 12 13 19 27 36 37 30 41 21 27 57 31 37 5 19 19
33 25 35 8 28 24 10 50 2 42 26 30 15 2 33 6 25 0 41 6 11 1 25 30 16 30 28 6 30 31 24 51 6 11 11 25 28 52 19 25 24 27 8 8 24 40 35 39 38 32 43 29 3 23 43 12 16 50 32 26 11 49 37 32 3 44 3 3 24 29 40 21 52 25 31 27 36 25 10 34 47 41 23 39 21 27 32 36 33 30 21 22 50 8 42 50 40 41 26 33 42
19 48 54 45 23 34 35 25 43 2 22 25 33 44 52 45 35 42 0 45 35 42 18 20 37 52 25 45 20 50 28 25 46 34 49 33 23 27 28 24 23 50 47 37 35 47 54 35 57 13 22 32 44 34 22 35 30 44 17 32 36 24 56 51 41 7 42 42 19 51 10 28 27 39 54 23 28 35 36 22 38 1 22 34 35 25 26 23 56 15 39 24 13 37 21 25 7 3 33 52 37
36 22 34 3 31 23 12 54 7 46 30 33 19 7 32 2 24 6 45 0 13 6 29 33 14 27 31 10 33 30 24 54 7 14 7 24 31 55 23 28 27 24 7 11 23 39 35 39 37 35 46 28 7 22 46 16 19 49 35 25 12 53 37 31 6 47 9 5 27 26 44 25 56 25 28 28 37 24 14 37 46 45 26 38 20 28 33 38 30 34 26 26 54 9 45 54 43 44 25 32 41
26 16 26 13 22 15 3 44 13 36 20 23 8 13 24 13 16 12 35 13 0 12 19 23 6 21 21 16 23 22 14 44 16 5 17 16 22 46 13 18 18 18 17 7 15 31 26 30 29 25 37 20 14 14 37 11 10 41 25 17 4 43 28 23 10 38 12 11 17 20 34 15 46 17 22 18 27 16 7 28 38 35 17 30 12 18 24 28 25 24 23 16 44 6 35 44 33 35 17 24 33
33 26 35 8 28 25 11 51 2 43 27 30 16 2 34 6 25 1 42 6 12 0 26 30 16 30 28 6 30 31 24 51 6 12 12 26 29 53 20 25 25 27 8 9 24 40 36 40 39 32 44 30 3 24 44 12 17 51 32 26 11 50 38 33 4 45 4 4 24 29 41 22 53 26 31 28 36 26 11 35 48 42 23 40 22 28 33 36 34 31 22 23 51 8 43 51 40 42 26 33 43
28 33 42 29 6 32 19 27 27 19 4 7 21 28 41 29 32 26 18 29 19 27 0 5 23 37 7 29 5 38 26 27 30 18 34 32 6 29 12 7 7 35 31 21 31 47 43 42 46 8 20 32 28 31 20 19 14 50 25 31 20 26 45 40 25 23 26 26 10 36 24 22 29 33 39 26 34 33 20 11 46 18 13 41 29 27 31 31 41 12 22 11 29 21 34 27 20 18 31 40 43
32 37 47 34 8 36 24 29 32 21 7 10 25 32 45 33 37 31 20 34 23 31 5 0 27 42 10 33 2 43 30 29 35 22 38 36 9 31 17 11 11 39 36 26 36 52 47 47 50 11 22 36 33 35 22 23 19 54 29 35 24 28 49 44 29 25 30 31 14 41 25 26 31 37 43 30 39 37 24 8 51 20 18 45 33 32 35 36 46 13 26 15 31 26 36 29 22 20 36 45 48
24 15 26 13 25 15 7 47 16 35 23 26 9 16 24 13 16 15 36 13 5 15 22 26 0 20 25 19 27 22 12 47 17 8 18 16 25 49 16 22 21 17 18 11 15 31 27 30 29 29 40 18 17 14 40 14 13 41 24 15 7 46 29 24 12 36 15 14 21 19 32 14 49 17 21 17 25 17 10 31 37 37 20 30 9 17 22 26 23 27 27 19 42 10 33 47 32 38 15 24 33
39 11 24 27 40 21 23 63 31 52 39 42 27 31 26 28 22 30 53 28 21 30 38 42 20 0 40 35 42 20 27 63 32 24 29 22 41 65 32 37 37 8 30 27 21 36 23 36 23 44 56 26 32 20 56 30 29 47 38 23 23 62 19 26 27 52 31 29 36 11 49 32 65 22 14 33 35 22 26 47 44 53 35 36 18 30 31 38 9 43 42 35 59 26 45 63 48 54 23 25 39
30 35 45 32 4 34 22 33 30 25 4 6 23 30 43 31 35 29 24 32 21 29 7 10 25 40 0 31 10 41 28 33 33 20 36 34 4 35 11 5 6 37 34 24 34 50 45 45 48 14 26 34 31 33 26 20 17 52 27 33 22 32 47 42 27 29 28 29 13 39 30 24 35 35 41 28 37 35 22 16 49 25 16 43 31 30 33 34 43 15 20 10 36 24 40 33 27 24 34 43 46
35 30 40 12 30 29 15 53 6 45 29 32 18 5 38 10 30 6 44 10 16 6 28 32 20 35 30 0 32 36 26 53 9 14 15 30 31 55 21 27 27 32 11 10 29 45 40 44 43 34 46 33 6 28 46 13 18 54 34 31 13 52 42 37 8 47 7 8 26 34 43 24 55 30 36 30 38 30 13 37 50 44 25 44 26 30 35 38 38 33 21 25 53 11 45 53 42 44 31 38 47
32 37 47 34 8 36 24 29 32 21 7 10 25 32 45 33 37 31 20 34 23 31 5 2 27 42 10 33 0 43 30 29 35 22 38 36 9 31 17 11 11 39 36 26 36 52 48 47 50 11 22 36 33 35 22 23 19 54 29 35 24 28 50 44 29 25 30 31 15 41 26 26 31 38 43 30 39 37 24 7 51 20 18 45 33 32 36 36 46 14 26 16 32 26 36 29 22 20 36 45 48
34 26 4 28 41 16 23 63 31 48 39 42 27 31 6 28 15 30 49 28 22 30 38 42 21 20 40 35 42 0 24 63 32 24 30 18 41 65 32 37 37 24 31 27 15 21 5 27 8 44 56 23 32 17 56 30 29 41 34 19 23 62 8 6 27 48 31 29 36 27 45 29 65 13 30 29 29 14 26 47 37 49 36 29 17 26 26 33 27 43 42 35 55 26 40 63 44 51 18 5 31
15 23 30 24 28 10 14 49 24 26 26 29 12 25 28 23 12 23 27 24 14 23 25 30 13 26 28 26 30 26 0 49 27 14 27 9 28 51 19 25 24 25 28 18 11 27 30 23 33 30 42 9 25 10 42 19 16 31 15 8 15 48 32 27 22 27 23 23 21 26 23 8 51 15 29 8 16 13 16 34 28 28 19 21 10 5 12 17 31 28 29 22 33 18 24 49 23 30 8 28 24
40 58 68 55 32 55 45 2 53 27 31 34 46 53 66 54 56 52 25 55 44 52 27 29 48 63 34 54 30 64 49 0 56 43 59 54 32 3 38 33 32 60 57 47 56 68 68 56 71 21 26 54 54 56 26 44 40 65 38 53 45 4 70 65 50 28 51 52 29 62 33 46 2 58 64 44 49 57 45 31 60 25 32 55 54 47 48 44 67 25 48 34 34 47 44 4 30 23 54 66 58
37 27 37 8 32 26 15 54 7 47 31 34 20 5 35 7 27 6 45 7 15 6 29 34 18 32 32 9 34 33 27 55 0 15 12 28 32 56 23 29 28 29 6 12 26 42 38 42 40 36 47 32 6 25 47 16 20 52 36 28 15 53 40 35 7 48 8 6 28 30 44 25 56 28 33 31 40 28 14 38 50 46 27 42 23 31 36 40 35 34 26 26 54 12 47 55 44 45 28 35 45
25 19 28 15 20 17 4 43 13 35 19 22 6 13 26 14 18 12 33 15 5 12 17 22 9 23 20 15 22 24 14 43 16 0 19 18 20 44 11 17 16 21 17 6 17 33 29 33 31 24 35 20 14 16 35 9 8 42 24 19 4 41 31 26 11 36 12 12 16 22 32 13 44 19 24 18 27 18 4 26 39 34 15 32 14 18 24 27 27 23 22 14 42 6 35 43 32 33 19 26 35
39 23 35 6 35 25 16 57 12 49 33 36 22 10 34 7 26 10 48 6 16 10 32 36 16 28 35 14 37 32 26 57 11 17 0 26 35 59 26 32 31 25 8 15 25 40 36 40 39 39 50 30 11 24 50 20 23 51 38 26 16 56 38 33 9 51 13 9 31 27 47 28 59 26 29 31 38 26 17 41 48 48 30 40 22 31 35 41 31 37 30 29 57 13 48 57 46 48 26 33 43
19 22 23 23 34 4 18 55 26 32 33 36 18 26 21 23 5 25 33 23 17 25 32 36 16 22 34 30 36 19 9 55 27 19 25 0 35 57 26 31 31 24 26 22 4 19 24 16 26 37 48 6 27 4 48 25 23 27 19 3 18 54 26 21 22 33 26 24 27 25 29 14 57 9 28 13 14 5 21 41 24 34 25 16 8 10 11 17 28 34 36 29 39 21 25 55 29 35 1 21 19
30 36 45 32 1 34 22 32 30 24 3 2 23 30 43 32 35 29 23 32 22 29 6 9 26 40 4 32 9 41 28 32 33 21 36 34 0 34 14 7 8 38 34 24 34 50 46 45 48 13 25 34 31 33 25 21 17 53 27 34 22 31 48 43 28 28 29 29 13 39 28 25 34 36 42 28 37 35 22 15 49 23 16 44 31 30 34 34 44 16 22 13 34 24 39 32 25 23 34 43 46
42 60 69 56 34 56 46 3 54 28 32 35 48 55 68 56 58 53 27 56 46 54 29 31 50 64 35 56 31 65 50 3 57 45 61 56 34 0 39 34 34 62 58 48 57 70 70 58 73 22 28 56 55 57 28 46 41 67 40 55 47 5 72 67 52 29 53 53 31 63 35 48 5 60 66 46 51 58 47 32 61 27 33 57 56 48 49 46 68 26 49 35 36 48 46 7 32 24 55 67 60
25 27 36 23 14 25 13 37 21 29 13 16 14 22 34 23 26 20 28 23 13 20 12 16 17 31 12 21 16 32 19 37 24 12 27 25 14 39 0 8 10 29 25 15 25 41 37 38 39 18 30 25 22 24 29 9 6 45 22 25 13 36 39 34 19 32 19 20 10 30 30 16 39 27 33 21 30 27 13 21 42 28 11 37 22 22 27 29 35 17 14 9 39 15 35 37 29 27 25 34 39
28 33 42 29 7 32 19 33 28 25 6 9 21 28 41 29 33 26 24 29 19 27 8 12 23 38 5 28 12 39 26 33 30 18 34 32 8 35 7 0 4 35 31 21 32 47 43 42 46 14 26 32 29 31 25 16 13 50 25 31 20 32 45 40 25 29 25 26 11 37 29 22 35 33 39 26 35 33 20 17 47 24 13 41 29 27 31 32 41 13 16 7 35 21 38 33 26 24 31 40 44
27 32 42 29 8 31 19 32 27 24 7 10 20 27 40 28 32 26 23 29 18 26 7 11 22 37 6 28 11 38 25 32 30 17 33 31 8 34 10 3 0 34 31 21 31 47 42 42 45 13 25 31 28 30 25 18 14 49 24 30 19 31 44 39 24 28 25 25 10 36 29 21 34 32 38 25 34 32 19 16 46 23 13 40 28 27 30 31 40 12 18 7 34 21 37 32 25 23 31 40 43
37 5 27 23 37 23 19 59 27 48 35 38 23 27 30 24 24 26 49 24 18 26 34 38 16 8 36 31 39 24 25 59 28 20 25 24 37 61 28 33 33 0 27 23 23 38 27 38 26 40 52 28 28 22 52 26 25 49 37 24 19 58 23 29 23 49 27 25 32 4 45 28 61 24 7 30 36 24 22 43 46 50 32 38 20 29 33 39 9 39 38 31 55 22 46 59 45 50 24 28 41
38 25 37 8 33 26 16 56 9 48 32 35 21 8 35 8 27 8 47 8 17 8 31 35 18 30 33 12 35 33 28 56 6 17 10 27 33 58 25 30 29 26 0 14 26 42 37 41 40 37 49 31 8 25 48 19 21 52 37 28 16 55 39 34 9 49 10 7 29 28 46 27 58 27 30 32 40 27 16 40 49 47 28 41 23 32 36 41 33 36 28 28 56 13 48 56 45 46 28 35 44
28 22 31 11 23 21 6 46 10 38 22 25 11 10 30 10 22 9 37 11 7 9 21 25 12 27 23 10 25 28 18 46 13 5 15 22 23 47 15 20 19 24 14 0 21 36 32 36 35 27 38 25 11 20 38 6 11 46 27 23 5 45 34 29 7 39 7 8 19 26 36 17 47 22 28 22 31 22 4 29 43 37 18 36 18 23 28 31 30 26 20 18 46 3 38 46 35 36 23 30 39
21 20 20 21 34 3 16 56 25 34 33 36 17 25 18 22 2 23 35 22 15 24 32 36 14 20 34 28 36 16 11 57 26 17 23 4 34 58 26 31 30 22 25 21 0 19 21 17 24 38 50 9 26 4 49 24 22 29 21 5 17 55 23 18 21 35 25 23 29 24 31 15 58 6 26 15 17 3 20 41 26 35 27 18 6 12 13 20 26 35 36 29 41 20 27 57 30 37 5 18 20
32 36 24 37 50 22 32 69 40 46 49 52 36 41 23 38 19 39 47 37 31 40 47 52 30 36 50 44 52 20 28 69 41 33 39 20 50 71 41 47 46 38 40 36 20 0 25 18 28 53 65 24 41 22 64 39 38 32 32 21 33 68 27 22 37 47 40 38 44 40 42 32 71 17 42 27 25 19 35 56 29 47 42 19 26 26 24 30 42 50 52 44 51 35 34 69 42 49 20 23 22
39 28 3 32 45 21 27 68 36 52 44 47 31 36 5 33 20 34 53 33 26 35 42 47 25 23 45 39 47 5 29 68 37 28 34 22 45 69 37 42 41 26 36 32 19 25 0 31 6 49 60 27 37 21 60 34 33 45 39 23 28 66 6 4 32 53 35 33 41 30 49 33 69 17 32 33 33 18 31 51 42 54 40 33 22 30 31 37 30 48 47 39 59 30 44 68 48 55 23 4 36
19 36 30 37 44 17 32 56 40 33 43 46 30 40 29 37 16 39 34 37 31 39 41 46 30 35 44 44 46 27 22 56 41 33 39 16 44 58 37 41 40 38 40 36 17 18 31 0 34 40 52 18 41 18 52 37 34 17 21 16 32 55 33 29 36 34 40 38 33 39 27 25 58 17 42 18 11 16 35 49 14 34 31 4 22 19 12 15 41 40 47 38 36 35 19 56 29 36 16 29 7
41 28 6 35 48 23 30 70 38 55 46 49 34 38 9 35 22 37 56 35 29 37 45 49 28 22 48 42 50 8 31 70 39 31 37 25 48 72 39 45 44 26 38 34 22 28 6 34 0 52 63 30 39 24 63 37 36 48 41 26 30 69 6 9 34 56 38 36 44 30 52 36 72 20 32 36 36 21 33 54 44 56 43 36 25 33 33 40 29 50 50 42 62 33 47 70 51 58 25 8 38
26 40 49 36 14 37 26 21 35 14 12 15 28 35 48 36 39 33 13 36 26 34 9 10 30 45 15 36 10 46 31 21 37 25 41 37 14 23 19 15 14 42 38 28 38 52 50 42 53 0 14 36 36 38 13 26 21 51 24 36 27 20 52 47 32 18 33 33 12 44 18 29 23 40 46 27 34 40 27 13 45 13 14 41 36 29 33 30 48 6 29 15 24 28 29 21 15 13 36 47 43
37 52 61 48 25 49 38 26 46 24 24 27 39 46 59 47 51 45 23 48 38 45 21 23 41 56 27 47 23 57 42 27 49 37 52 48 26 28 31 26 25 53 50 40 50 64 62 53 64 14 0 48 47 49 4 37 33 62 35 47 38 25 64 58 43 25 45 45 23 55 30 40 28 52 57 39 46 51 38 24 56 23 25 52 47 41 44 41 60 18 41 27 32 40 41 27 27 20 48 59 55
16 25 27 26 33 7 19 52 29 29 31 34 16 29 25 26 8 28 30 26 19 28 30 35 17 25 33 31 35 23 8 52 30 19 28 4 33 53 24 30 29 27 29 23 8 21 27 17 30 34 46 0 30 7 46 24 21 26 15 3 20 50 29 24 25 30 28 27 25 28 26 12 53 12 31 10 13 8 21 39 23 30 23 16 8 7 8 15 31 32 34 27 36 23 22 52 25 32 4 25 19
35 27 37 9 30 26 13 53 4 45 29 32 18 2 35 7 27 3 44 7 14 3 28 32 18 32 30 5 32 33 26 53 6 14 12 28 31 55 22 27 27 29 8 11 26 42 38 42 41 34 46 32 0 25 45 14 19 52 34 28 13 52 40 35 6 46 6 5 26 30 43 24 55 28 33 29 38 28 13 37 50 44 25 42 23 30 35 38 35 33 24 25 53 10 45 53 42 44 28 35 45
21 20 22 21 33 3 16 56 24 34 32 35 16 24 20 21 5 23 35 21 14 23 31 35 14 19 33 28 35 18 10 56 25 17 23 4 34 58 25 30 30 21 24 20 4 22 23 18 25 37 49 9 25 0 49 23 22 29 21 5 16 55 25 20 20 35 24 22 28 23 31 15 58 8 25 15 17 6 19 40 26 35 26 18 6 12 13 20 25 35 35 28 41 19 27 56 30 37 5 20 21
37 52 61 48 25 49 38 27 46 24 24 27 39 46 59 47 51 45 23 48 38 45 21 23 42 56 27 48 23 57 43 27 49 37 52 48 26 28 31 26 25 54 50 40 50 64 62 53 64 14 4 48 47 49 0 37 33 62 35 47 38 25 64 59 44 25 45 45 23 55 30 40 28 52 57 39 46 51 38 24 56 23 26 52 47 41 44 41 60 18 41 27 32 40 41 27 27 20 48 59 55
27 25 35 16 21 24 10 43 13 36 20 23 13 13 33 15 25 12 34 16 11 12 18 23 15 30 21 13 23 31 19 44 17 9 20 25 21 45 10 17 17 27 19 6 24 40 35 38 38 25 36 25 14 23 36 0 6 46 26 25 9 42 37 32 12 38 10 13 17 29 35 16 45 25 31 21 30 25 6 27 42 35 16 37 21 22 27 30 33 23 14 15 45 8 37 44 34 34 25 33 39
24 24 33 20 17 23 10 39 18 31 15 19 12 19 32 20 24 17 30 20 10 18 14 19 14 29 16 18 19 30 17 39 21 9 24 23 17 41 7 13 13 26 22 11 23 38 34 35 37 21 32 23 19 22 32 6 0 43 23 22 11 38 36 31 16 34 15 17 13 28 30 13 41 24 30 19 27 24 9 23 40 30 12 34 20 19 24 27 32 19 15 11 40 12 34 39 30 30 22 31 36
28 47 45 48 53 29 43 65 51 42 52 55 40 52 43 49 29 50 43 49 42 51 51 55 41 47 53 55 55 41 31 65 53 43 50 27 53 67 47 50 49 49 52 47 29 32 45 16 48 50 61 29 53 30 61 46 43 0 30 27 44 64 47 43 48 43 51 49 43 51 37 34 67 31 53 27 20 29 45 58 8 44 41 16 33 28 21 25 53 49 57 47 46 46 29 65 39 45 27 43 17
5 35 38 35 27 19 25 39 34 16 26 29 20 34 36 35 19 32 17 35 25 33 25 29 24 37 27 35 29 34 15 39 36 24 39 18 28 40 23 24 24 37 37 27 20 31 39 22 41 23 35 17 35 20 34 26 23 30 0 18 26 37 41 36 31 16 32 32 16 38 13 15 40 24 41 9 13 20 26 30 25 17 13 21 21 12 11 9 43 22 35 20 23 28 15 39 12 19 18 36 23
18 23 24 24 34 4 19 54 27 31 32 35 17 27 23 24 6 26 32 24 17 26 31 35 16 22 33 31 35 20 8 54 28 19 26 3 34 56 25 30 30 24 27 23 5 21 25 17 28 36 47 5 28 5 47 25 22 27 18 0 19 53 27 22 23 32 27 25 26 26 28 13 56 10 28 12 15 6 21 40 24 33 24 16 8 9 11 17 28 33 35 28 38 22 25 54 28 34 2 22 19
26 18 28 12 22 17 2 44 12 36 21 24 8 12 26 12 18 11 35 12 3 11 19 24 8 23 22 14 24 24 14 45 15 3 17 18 22 46 13 19 18 20 16 6 17 33 29 33 31 26 37 21 13 16 37 9 10 43 26 19 0 43 31 25 9 38 11 11 18 22 34 15 46 19 24 19 27 18 5 28 39 35 17 33 14 19 24 28 27 24 23 16 44 6 35 45 34 35 19 26 35
39 57 66 53 31 54 43 4 52 25 29 32 45 52 65 53 55 50 24 53 43 51 26 28 47 62 32 53 28 63 47 4 54 42 58 53 31 5 36 31 31 59 55 45 55 67 67 55 70 20 25 53 53 54 25 43 38 64 37 52 44 0 69 64 49 26 50 50 28 61 32 45 5 57 63 43 48 55 44 29 58 24 30 54 53 45 46 43 65 23 46 32 33 45 43 2 29 21 53 64 57
41 24 7 34 47 23 29 70 38 54 46 49 33 38 10 35 22 36 55 35 28 37 44 49 27 19 47 41 49 8 31 70 39 30 36 24 47 71 39 44 43 22 38 34 21 27 6 33 6 51 62 29 39 23 62 36 35 47 41 25 30 69 0 9 34 55 37 35 43 26 51 35 71 19 28 35 35 20 33 53 44 56 42 35 24 32 33 39 26 50 49 41 61 32 46 70 51 57 25 9 38
36 28 5 29 42 18 24 65 32 49 41 44 28 33 2 30 17 31 50 30 23 32 39 44 22 25 42 36 44 6 26 65 33 25 31 19 42 66 33 39 38 29 32 29 16 22 4 29 9 46 57 24 33 18 57 31 30 42 35 20 25 63 9 0 29 50 32 30 38 32 46 30 66 14 34 30 30 15 27 48 39 50 37 30 19 27 27 34 32 44 44 36 56 27 41 65 45 52 20 2 33
32 23 32 6 27 22 9 49 4 41 25 28 14 5 31 6 23 3 40 6 10 4 24 28 13 28 26 8 29 29 22 49 7 10 10 23 27 51 18 24 23 25 8 7 22 37 33 37 36 30 42 27 5 21 42 12 15 48 30 23 9 48 35 30 0 43 6 3 23 26 39 20 51 23 29 26 34 23 9 33 45 40 22 37 19 26 31 34 31 29 22 21 49 6 41 49 38 40 23 30 40
19 48 54 48 28 34 38 28 46 6 26 29 33 47 52 48 35 45 7 48 38 46 23 25 37 52 29 48 25 50 28 28 49 37 52 33 28 29 32 28 28 50 50 40 35 46 54 35 57 17 25 32 47 34 25 39 35 44 17 32 39 27 56 51 44 0 45 45 24 51 10 28 30 39 54 23 27 35 39 26 38 7 25 34 35 25 26 23 56 20 43 28 7 40 21 28 7 8 33 52 36
32 26 36 10 28 25 11 50 4 42 26 29 15 5 34 9 26 3 41 8 12 4 25 29 16 31 27 7 29 32 23 50 8 11 14 26 28 52 18 24 24 28 10 7 25 41 37 40 39 31 43 30 6 24 43 10 15 51 31 27 10 49 39 33 6 44 0 6 23 30 40 21 52 27 32 27 35 26 10 34 47 41 22 40 22 27 32 35 34 30 19 22 50 8 42 50 39 41 27 34 43
33 24 34 6 28 23 10 50 5 42 26 30 15 5 32 5 24 4 41 5 11 4 25 30 14 29 28 8 30 30 24 51 6 11 10 24 28 52 19 25 24 26 7 8 23 39 35 39 37 32 43 28 5 22 43 14 16 49 32 25 11 49 37 31 3 44 6 0 24 27 40 21 52 25 30 27 36 24 10 34 46 41 23 38 20 27 32 36 32 30 24 22 50 8 42 50 40 41 25 32 41
19 31 41 28 13 28 18 30 26 20 12 15 19 26 39 27 30 25 19 28 17 25 10 14 21 36 13 27 15 37 21 30 29 16 32 27 14 31 10 10 10 33 30 20 29 43 41 34 44 11 22 27 27 28 22 17 13 42 16 26 18 29 43 38 23 24 24 24 0 35 22 19 31 31 37 18 27 31 18 17 39 20 5 33 27 20 23 23 39 8 22 6 31 20 29 30 21 19 27 39 36
39 6 31 25 38 24 20 61 29 50 37 40 25 29 33 25 25 27 51 25 19 28 36 40 18 12 38 32 40 27 26 61 29 21 27 26 38 62 30 35 34 4 28 25 24 40 30 40 30 42 53 30 30 23 53 27 26 50 38 26 21 60 26 33 25 51 29 26 34 0 47 30 62 26 4 31 38 26 24 44 48 51 33 40 22 31 35 41 11 41 40 33 57 23 48 61 46 51 26 32 43
12 43 49 43 29 29 33 34 42 9 28 31 28 42 47 43 30 40 10 43 33 41 24 26 32 47 31 43 26 45 23 34 44 32 47 28 29 35 29 29 29 45 45 35 30 42 49 28 52 19 30 27 43 29 30 34 30 37 12 27 34 33 51 46 39 10 40 40 21 46 0 23 36 34 49 18 21 30 34 28 31 11 20 27 30 20 21 16 51 21 42 26 16 35 14 34 6 13 28 47 30
17 26 34 24 23 14 14 46 22 27 22 25 9 22 33 23 16 21 28 24 13 21 21 25 14 30 23 23 25 31 8 46 25 12 28 14 24 48 15 20 20 28 26 16 15 32 35 26 38 27 39 14 23 15 39 15 12 34 16 13 14 45 37 32 19 28 20 20 19 30 25 0 48 20 32 10 19 18 14 30 31 29 18 25 15 10 15 19 34 25 25 18 34 16 26 46 24 31 13 33 28
42 60 69 56 34 57 46 3 55 28 32 35 48 55 68 56 58 53 27 56 46 54 29 31 50 65 35 56 31 66 50 2 57 45 61 56 34 5 39 34 34 62 58 48 58 70 70 58 73 23 28 56 56 57 28 46 41 67 40 55 47 5 72 67 52 29 53 53 31 64 35 48 0 60 66 46 51 58 47 32 61 27 33 57 56 48 49 46 68 26 49 35 36 48 46 6 32 24 55 67 60
25 22 17 23 36 7 18 58 26 38 34 37 21 26 15 23 6 25 40 23 17 25 33 37 16 22 35 30 38 13 15 58 27 19 25 9 36 60 27 33 32 24 26 22 6 17 17 17 20 39 51 13 27 8 51 25 24 30 24 10 18 57 19 14 22 39 26 24 32 25 34 20 60 0 28 19 18 5 21 42 26 40 31 18 10 17 16 22 28 38 37 30 46 21 29 58 35 42 9 15 21
41 8 33 27 40 27 23 63 31 52 39 42 27 31 35 28 28 30 53 27 21 30 38 42 20 14 40 34 42 30 28 63 31 24 29 28 41 65 32 37 37 7 30 27 27 42 32 42 32 44 56 32 32 26 55 30 29 53 40 28 23 62 28 35 27 53 31 29 36 4 49 32 65 28 0 34 40 28 26 47 50 54 35 42 24 33 37 43 13 43 42 35 59 26 50 63 49 54 28 34 45
10 30 33 30 29 15 21 45 30 22 28 31 17 30 32 30 15 29 23 30 20 29 27 31 19 32 29 32 31 29 10 46 33 20 34 13 30 47 23 26 25 32 34 24 15 26 34 17 37 28 40 12 31 15 40 23 20 25 10 12 21 44 36 31 28 23 29 29 19 33 20 11 47 19 36 0 9 15 22 34 21 24 17 16 16 7 6 10 38 26 33 23 30 24 18 45 19 26 12 31 18
12 34 32 35 37 16 28 48 38 25 36 39 24 38 30 35 16 36 26 35 27 37 35 39 26 34 37 39 39 28 16 49 39 27 37 14 38 50 31 34 34 36 38 31 16 24 33 12 35 33 44 15 39 16 44 30 28 20 13 14 28 47 35 30 35 26 36 36 27 37 20 18 50 18 40 11 0 16 29 41 15 27 25 11 20 14 6 8 40 33 41 31 31 31 14 48 22 29 14 30 13
21 22 19 23 36 5 18 57 26 34 34 37 19 26 18 23 2 25 35 23 17 25 33 37 16 22 35 30 37 16 13 57 27 19 25 5 36 59 27 32 32 24 26 22 3 18 20 17 23 39 51 9 27 6 51 25 24 29 21 6 18 56 22 17 22 35 26 24 30 25 31 17 59 5 28 15 16 0 21 42 25 36 28 17 8 12 13 19 27 37 37 30 41 21 27 57 31 38 5 17 20
27 22 31 13 22 20 6 44 12 36 20 24 9 12 29 13 21 11 35 13 7 11 19 24 12 26 22 14 24 27 17 45 15 5 18 21 22 46 13 19 18 24 16 4 20 36 32 36 34 26 37 23 13 19 37 6 9 45 26 22 5 43 34 29 10 38 11 11 18 25 34 15 46 22 28 21 30 21 0 28 42 35 17 35 17 21 26 30 30 24 19 16 44 5 36 44 34 35 22 29 38
34 42 52 39 15 41 29 30 37 23 13 16 30 37 50 38 42 36 22 39 28 36 11 8 32 47 16 38 7 48 35 30 40 27 43 41 15 32 22 17 16 44 41 30 41 57 52 49 55 12 23 41 38 40 23 28 24 57 31 40 29 29 54 49 34 27 35 35 17 46 27 31 32 42 48 33 42 42 29 0 54 22 20 48 38 35 38 38 50 15 31 19 33 31 38 30 24 22 41 50 51
24 44 41 45 50 26 40 61 49 38 48 51 36 49 39 46 25 47 39 46 39 48 47 51 38 44 49 51 51 37 28 61 50 39 47 24 50 62 43 46 46 46 49 43 26 29 42 13 44 45 57 27 50 27 56 43 40 8 25 25 40 59 44 39 45 38 48 47 39 48 32 31 62 27 50 23 15 26 42 54 0 39 37 14 30 26 18 20 50 45 53 44 39 44 22 61 34 41 24 39 15
19 48 54 45 23 34 35 25 44 3 22 25 34 44 52 45 35 42 1 45 35 43 19 20 38 52 25 45 21 50 29 25 46 34 50 34 23 27 28 24 23 50 47 37 35 47 55 35 57 13 22 33 45 35 22 35 30 44 17 33 36 24 57 52 41 7 42 42 19 52 10 29 27 40 54 23 28 36 36 22 38 0 22 34 36 26 27 23 56 15 39 24 13 37 21 25 7 3 33 52 37
15 31 40 27 16 24 17 32 25 23 15 18 18 26 38 27 26 24 22 27 17 24 14 18 21 35 16 27 18 36 18 32 28 16 31 24 17 34 12 13 13 33 29 19 25 40 41 31 43 13 25 24 26 25 25 16 12 38 12 23 17 31 43 38 23 24 24 24 5 34 20 16 34 30 37 14 23 27 17 19 35 22 0 30 26 16 20 19 39 11 24 9 30 19 25 32 19 21 23 38 32
18 36 32 37 43 18 32 55 40 32 42 45 29 41 30 38 16 39 33 37 31 39 40 45 30 36 43 44 45 28 21 55 41 33 39 16 43 56 36 40 39 38 40 36 17 20 33 4 35 39 51 18 41 18 51 36 33 16 20 16 33 54 35 30 37 33 40 38 32 40 26 24 57 18 42 17 10 17 35 48 13 33 30 0 22 18 11 14 42 39 46 37 35 35 18 55 28 35 16 30 4
22 18 21 19 32 6 14 54 22 34 31 34 14 23 20 20 7 21 36 19 13 21 29 34 9 18 32 26 34 18 10 55 23 15 21 8 32 56 23 29 28 20 22 18 6 25 22 22 25 36 47 9 23 5 47 21 20 32 21 8 15 53 24 19 19 35 22 20 28 22 32 16 56 10 24 16 20 8 17 38 29 36 27 21 0 13 15 22 24 34 34 26 42 17 29 55 31 38 8 20 24
13 28 31 29 30 11 20 47 29 24 29 32 16 30 29 29 12 28 25 29 19 29 28 32 18 29 30 31 32 27 7 47 32 19 32 10 31 49 23 27 27 30 33 23 12 25 32 20 35 29 41 9 30 12 41 23 20 28 12 9 20 46 34 29 27 25 28 28 20 31 21 11 49 17 34 5 13 13 21 35 25 26 18 18 13 0 9 14 35 27 33 24 31 23 22 47 21 27 10 29 21
11 29 30 30 33 11 24 48 33 25 32 35 20 34 28 31 11 32 26 31 23 33 31 35 22 29 33 35 35 26 12 48 35 23 32 9 34 49 27 30 30 31 34 27 11 23 30 13 33 32 44 11 34 12 44 26 23 21 10 10 24 46 32 27 30 25 32 31 23 33 21 14 49 15 35 7 6 11 25 38 18 26 21 12 15 9 0 8 35 30 37 27 32 27 16 48 21 28 9 28 15
7 36 36 37 35 18 28 44 37 21 33 36 24 38 34 37 18 36 22 37 27 36 32 36 26 36 35 39 36 32 17 44 40 27 39 16 35 45 30 32 31 38 40 31 18 28 37 16 39 28 40 18 38 18 39 30 27 23 9 16 28 42 39 33 35 21 36 36 23 40 15 18 45 21 42 11 7 18 30 37 19 22 21 15 22 14 8 0 42 29 40 28 26 31 9 44 17 24 16 34 17
44 11 30 30 43 26 25 66 34 55 42 45 30 34 33 30 27 32 56 30 24 33 41 45 23 9 43 37 45 27 31 66 34 26 32 28 43 67 35 40 39 9 33 30 26 42 30 42 30 47 58 32 35 25 58 32 31 52 43 28 26 65 26 33 30 56 34 32 39 11 52 35 68 28 13 36 40 28 29 49 49 56 38 42 23 35 37 43 0 46 45 38 62 29 51 66 51 56 28 31 45
25 38 47 34 16 34 24 25 33 16 15 18 26 33 46 34 36 31 15 34 24 32 12 13 28 43 18 34 14 44 28 25 35 23 39 33 16 26 17 16 16 40 36 26 35 49 48 41 51 6 17 33 34 35 17 24 20 48 22 33 25 23 50 45 30 20 31 31 9 42 21 25 26 38 44 24 33 37 25 15 45 15 11 39 34 26 29 29 46 0 29 13 27 27 32 25 18 15 33 46 42
38 38 47 27 22 36 23 47 22 39 20 23 25 23 45 26 37 21 38 26 24 22 22 26 28 42 19 21 26 43 30 47 26 22 31 36 22 49 13 16 18 40 28 20 36 52 48 48 50 28 40 36 24 35 40 14 15 56 35 35 22 46 50 45 23 43 19 24 22 41 42 26 49 38 43 32 41 37 19 31 53 38 23 47 33 32 37 40 46 26 0 17 49 21 47 47 40 38 36 45 50
24 30 39 26 12 28 16 32 24 24 11 14 17 24 37 25 29 23 23 26 16 23 11 16 20 34 10 26 16 35 22 32 27 15 30 28 13 34 9 7 7 31 28 18 28 44 40 39 42 13 25 28 25 27 25 15 11 46 20 28 16 31 42 37 22 28 23 23 6 33 27 19 34 30 35 22 31 29 16 18 43 23 9 38 25 24 28 27 38 11 17 0 34 18 33 32 25 23 28 37 40
23 54 60 54 34 40 44 34 53 12 33 36 39 53 58 54 41 51 13 54 44 52 30 31 43 58 36 54 32 56 34 34 55 43 58 39 34 36 39 35 34 56 56 46 41 51 60 36 63 24 32 39 54 41 31 45 41 46 23 38 45 33 62 57 50 7 51 51 31 57 16 34 36 45 60 29 31 41 45 33 39 14 31 35 41 31 32 27 62 27 50 35 0 47 21 34 13 14 39 58 37
28 21 30 9 24 20 5 46 9 38 22 25 11 9 29 9 21 8 37 9 6 8 21 25 11 26 23 11 25 27 18 46 12 6 13 21 24 48 15 20 20 23 13 3 20 35 31 35 34 27 39 25 10 19 39 8 12 46 27 21 5 45 33 28 6 40 8 7 19 24 36 17 48 21 27 23 31 21 5 30 43 37 18 35 17 23 28 31 29 26 22 18 46 0 38 46 35 37 21 28 38
11 43 43 44 39 25 35 44 45 21 38 41 31 45 42 44 25 43 22 45 35 44 35 37 34 43 41 46 37 39 25 45 47 35 46 23 40 46 36 38 37 45 48 38 25 34 44 19 47 29 41 25 46 26 40 37 34 28 15 24 35 43 46 41 42 21 43 43 29 47 14 25 46 29 49 18 14 25 37 38 22 22 27 17 29 21 15 9 49 32 48 34 21 38 0 45 17 24 23 41 20
41 59 68 55 33 55 45 5 53 27 31 34 47 54 67 55 57 52 26 55 45 53 28 30 49 63 34 55 30 64 49 5 56 44 60 55 33 7 38 33 33 61 57 47 56 69 69 57 72 22 27 55 54 56 27 45 40 66 39 54 46 3 71 66 51 28 52 52 30 62 34 47 6 59 65 45 50 57 46 31 60 26 32 56 55 47 48 45 67 25 48 34 35 47 45 0 31 23 54 66 59
14 43 49 44 25 29 34 30 42 6 24 27 29 42 47 43 30 41 7 44 34 41 21 22 33 47 27 43 23 45 24 30 45 33 47 29 25 32 30 26 25 45 46 36 30 42 50 30 53 15 26 28 43 30 26 35 30 39 12 28 35 29 52 47 39 7 41 41 21 47 5 24 32 35 49 19 23 31 34 24 33 7 21 29 31 21 22 18 51 17 41 26 13 36 16 30 0 9 28 47 32
21 48 56 45 23 36 35 23 43 5 21 24 36 43 54 44 37 42 3 45 34 42 18 20 38 53 24 44 20 52 30 23 46 33 49 35 23 24 27 23 23 50 47 37 37 49 57 37 59 12 20 35 44 37 20 34 30 46 19 35 35 22 59 53 40 8 41 41 19 52 12 30 24 41 54 25 30 37 35 21 40 3 21 36 38 28 29 25 56 15 38 23 14 37 23 23 9 0 35 54 39
18 23 24 23 34 4 19 55 27 32 33 36 17 27 22 24 5 26 33 24 17 26 31 36 16 22 34 31 36 20 9 55 28 19 26 1 34 56 25 31 30 24 27 23 5 19 24 16 27 36 48 5 28 5 47 25 22 27 18 2 19 53 26 21 23 32 27 25 27 26 29 13 56 9 28 13 14 5 21 40 24 33 25 16 8 10 11 17 28 33 36 28 39 22 25 55 28 35 0 22 19
36 29 4 30 43 18 25 65 33 50 41 44 29 33 2 30 17 32 51 30 23 32 40 44 23 24 42 37 44 5 26 65 34 26 32 20 43 67 34 39 39 28 33 29 17 23 4 29 8 46 58 25 34 19 58 32 31 43 36 21 25 64 9 2 29 50 33 31 38 32 47 31 67 15 34 30 31 16 28 49 39 51 37 31 19 28 28 35 31 45 44 37 57 28 42 65 46 53 20 0 33
21 39 35 40 46 21 35 58 43 35 45 48 32 43 33 40 19 42 36 40 34 42 43 48 33 39 46 47 48 31 24 58 44 36 42 19 46 59 39 43 42 41 43 39 20 22 36 7 38 42 54 21 44 21 54 39 36 17 23 19 35 57 38 33 39 36 43 41 35 42 29 27 60 20 45 20 13 19 38 51 14 36 33 4 25 21 14 17 45 42 49 40 38 38 21 58 31 38 19 33 0
EOF