NAME: pdptw-n20-ber2
LOCATION: Berlin
COMMENT:  ber20-1
TYPE: PDPTW
SIZE: 21
DISTRIBUTION: cluster-random (5 / 1.2)
DEPOT: random
ROUTE-TIME: 800
TIME-WINDOW: 180
CAPACITY: 100
NODES
0 52.59323870 13.35916960 0 0 800 0 0 0
1 52.63223880 13.30476560 54 260 440 5 0 11
2 52.58897180 13.32409120 49 217 397 5 0 12
3 52.53094740 13.19787370 33 245 425 5 0 13
4 52.44154060 13.49718570 43 166 346 5 0 14
5 52.54982850 13.26952370 50 466 646 5 0 15
6 52.63007900 13.30679540 19 329 509 5 0 16
7 52.60110020 13.34265990 48 366 546 5 0 17
8 52.64316980 13.30758250 37 0 800 5 0 18
9 52.58607960 13.31755960 31 512 692 5 0 19
10 52.41097650 13.48169270 19 404 584 5 0 20
11 52.51266240 13.60247810 -54 320 500 5 1 0
12 52.40297230 13.39340860 -49 268 448 5 2 0
13 52.41050730 13.53627660 -33 288 468 5 3 0
14 52.42922330 13.40227950 -43 189 369 5 4 0
15 52.43999910 13.50061960 -50 501 681 5 5 0
16 52.63633270 13.30398170 -19 337 517 5 6 0
17 52.50353400 13.31136230 -48 392 572 5 7 0
18 52.54121800 13.19820580 -37 0 800 5 8 0
19 52.59189380 13.32331330 -31 520 700 5 9 0
20 52.46438260 13.47648590 -19 424 604 5 10 0
EDGES
0 13 7 27 38 18 13 5 15 7 41 43 42 43 39 37 14 21 26 7 36
13 0 11 30 42 22 1 10 5 11 45 51 46 47 43 41 4 26 29 10 40
7 11 0 23 33 13 11 5 13 3 37 44 37 38 35 32 12 17 21 3 31
27 30 22 0 33 13 30 25 32 21 37 51 37 38 35 33 31 17 3 23 32
37 42 33 34 0 30 42 36 44 33 9 28 20 11 18 1 43 22 35 34 9
18 23 14 13 30 0 23 17 25 14 34 47 34 35 32 30 24 14 12 15 29
13 1 10 30 41 21 0 9 4 10 45 51 45 46 43 40 3 25 28 9 39
5 10 5 26 36 16 9 0 11 6 40 44 40 41 38 35 10 20 24 5 34
15 5 13 32 43 23 4 11 0 13 47 53 47 48 45 43 3 27 30 12 42
7 11 3 22 33 13 11 6 13 0 37 44 37 38 35 32 12 17 20 3 31
41 46 37 38 9 34 46 40 48 37 0 33 19 11 17 8 47 26 39 38 15
43 51 43 51 30 46 50 44 52 44 33 0 45 27 43 29 51 38 52 44 29
42 46 37 39 20 35 46 40 48 37 19 44 0 25 9 19 47 26 39 39 21
43 47 38 39 11 35 47 41 49 38 11 27 25 0 23 10 48 27 40 39 17
39 44 35 36 19 32 43 38 45 35 18 43 9 24 0 18 44 24 37 36 20
37 41 32 33 1 29 41 35 43 32 8 28 19 10 17 0 42 21 34 33 9
14 4 11 31 42 22 3 10 3 11 46 52 46 47 44 41 0 26 29 10 40
22 26 17 18 22 14 26 20 28 17 26 38 26 27 24 22 27 0 18 18 21
26 29 21 4 34 12 28 24 31 20 38 52 38 39 36 34 30 18 0 22 33
7 11 2 23 34 14 11 5 13 3 38 44 38 39 35 33 12 18 22 0 32
36 40 31 32 8 28 40 34 42 31 15 28 21 16 19 8 41 20 33 32 0
EOF