NAME: pdptw-n20-ber2
LOCATION: Berlin
COMMENT:  ber20-1
TYPE: PDPTW
SIZE: 101
DISTRIBUTION: cluster-random (10 / 1.2)
DEPOT: random
ROUTE-TIME: 5000
TIME-WINDOW: 240
CAPACITY: 100
NODES
0 52.51828590 13.62080370 0 0 5000 0 0 0
1 52.55788920 13.46229220 22 2725 2965 5 0 51
2 52.54400850 13.15202250 50 3338 3578 5 0 52
3 52.59601360 13.38813540 12 3165 3405 5 0 53
4 52.56239660 13.41545440 59 201 441 5 0 54
5 52.41244550 13.25596400 59 3665 3905 5 0 55
6 52.51480650 13.30392880 22 0 214 5 0 56
7 52.61360220 13.40673420 48 0 5000 5 0 57
8 52.62258980 13.48419290 39 2540 2780 5 0 58
9 52.49749700 13.56435280 43 330 570 5 0 59
10 52.60959340 13.30018300 49 369 609 5 0 60
11 52.50150320 13.55907100 29 2831 3071 5 0 61
12 52.61895040 13.41908130 51 1403 1643 5 0 62
13 52.54217940 13.15287110 54 2226 2466 5 0 63
14 52.54845430 13.43469010 56 0 180 5 0 64
15 52.59375250 13.33819600 55 4722 4962 5 0 65
16 52.55984610 13.45832260 18 0 5000 5 0 66
17 52.55965370 13.44129530 47 3673 3913 5 0 67
18 52.61042650 13.32837940 26 2544 2784 5 0 68
19 52.61881220 13.49367020 28 1447 1687 5 0 69
20 52.55275930 13.41564040 17 3207 3447 5 0 70
21 52.49273550 13.55709230 55 1387 1627 5 0 71
22 52.53657330 13.42506360 15 810 1050 5 0 72
23 52.59832240 13.29110320 48 3760 4000 5 0 73
24 52.51567010 13.30404400 30 2525 2765 5 0 74
25 52.50067480 13.54750340 17 2107 2347 5 0 75
26 52.59241020 13.37912670 13 4545 4785 5 0 76
27 52.51717270 13.29349380 33 0 5000 5 0 77
28 52.58919520 13.44431720 35 1824 2064 5 0 78
29 52.48966280 13.56884650 30 227 467 5 0 79
30 52.50654310 13.31570000 35 442 682 5 0 80
31 52.55868100 13.40660900 18 2940 3180 5 0 81
32 52.48862650 13.56838010 54 2673 2913 5 0 82
33 52.61504660 13.31675620 59 0 5000 5 0 83
34 52.54917910 13.14970890 45 3723 3963 5 0 84
35 52.59492910 13.40010520 22 2738 2978 5 0 85
36 52.60675070 13.30997480 27 4174 4414 5 0 86
37 52.53383380 13.41319310 47 808 1048 5 0 87
38 52.48938660 13.56293190 33 4070 4310 5 0 88
39 52.51572930 13.30948340 52 86 326 5 0 89
40 52.59854500 13.30194890 13 3604 3844 5 0 90
41 52.61223300 13.29942750 24 273 513 5 0 91
42 52.52908800 13.30380080 27 1332 1572 5 0 92
43 52.41271770 13.56511320 20 1289 1529 5 0 93
44 52.48703450 13.44336210 18 2180 2420 5 0 94
45 52.61302410 13.32823210 38 2214 2454 5 0 95
46 52.55547970 13.40493220 14 0 5000 5 0 96
47 52.44708640 13.61462440 26 3409 3649 5 0 97
48 52.63286790 13.26831900 55 528 768 5 0 98
49 52.41801090 13.25692930 53 280 520 5 0 99
50 52.55178110 13.41864470 53 369 609 5 0 100
51 52.60809920 13.29768750 -22 2760 3000 5 1 0
52 52.60602660 13.43962510 -50 3384 3624 5 2 0
53 52.42984140 13.19369660 -12 3205 3445 5 3 0
54 52.59484800 13.32338210 -59 229 469 5 4 0
55 52.52977350 13.40857270 -59 3705 3945 5 5 0
56 52.55811750 13.41410270 -22 24 264 5 6 0
57 52.43444580 13.34730810 -48 0 5000 5 7 0
58 52.49644550 13.55832480 -39 2580 2820 5 8 0
59 52.57714860 13.44323510 -43 367 607 5 9 0
60 52.41646490 13.25169840 -49 407 647 5 10 0
61 52.55199420 13.35753250 -29 2872 3112 5 11 0
62 52.54353820 13.41933360 -51 1430 1670 5 12 0
63 52.56601670 13.39676400 -54 2263 2503 5 13 0
64 52.60629670 13.28989210 -56 33 273 5 14 0
65 52.51412320 13.31056460 -55 4749 4960 5 15 0
66 52.56030980 13.44052880 -18 0 5000 5 16 0
67 52.58551500 13.36077380 -47 3700 3940 5 17 0
68 52.51486510 13.17669030 -26 2578 2818 5 18 0
69 52.39491050 13.41349710 -28 1503 1743 5 19 0
70 52.52454440 13.55374330 -17 3238 3478 5 20 0
71 52.53587240 13.40716700 -55 1417 1657 5 21 0
72 52.51015830 13.60457160 -15 838 1078 5 22 0
73 52.43166030 13.28967530 -48 4034 4274 5 23 0
74 52.55057310 13.35330340 -30 2541 2781 5 24 0
75 52.41475650 13.65005870 -17 2381 2621 5 25 0
76 52.45585620 13.45074910 -13 4586 4826 5 26 0
77 52.44722000 13.37164090 -33 0 5000 5 27 0
78 52.43389460 13.58814880 -35 2111 2351 5 28 0
79 52.59024840 13.27690560 -30 297 537 5 29 0
80 52.56033110 13.42728830 -35 471 711 5 30 0
81 52.42108210 13.16679540 -18 2990 3230 5 31 0
82 52.44900280 13.45068670 -54 2703 2943 5 32 0
83 52.53979090 13.16051120 -59 0 5000 5 33 0
84 52.38609330 13.42278300 -45 3782 4022 5 34 0
85 52.59076090 13.31289320 -22 2758 2998 5 35 0
86 52.42165550 13.35290500 -27 4214 4454 5 36 0
87 52.45050070 13.24690950 -47 847 1087 5 37 0
88 52.58563270 13.32568500 -33 4116 4356 5 38 0
89 52.51001640 13.17671910 -52 109 349 5 39 0
90 52.40351060 13.39004250 -13 3647 3887 5 40 0
91 52.49321950 13.53907720 -24 323 563 5 41 0
92 52.44586220 13.24062140 -27 1357 1597 5 42 0
93 52.53344120 13.41240280 -20 1328 1568 5 43 0
94 52.51666870 13.30986180 -18 2206 2446 5 44 0
95 52.46758910 13.57747040 -38 2510 2750 5 45 0
96 52.52568250 13.45329650 -14 0 5000 5 46 0
97 52.52841590 13.14205430 -26 3480 3720 5 47 0
98 52.56787980 13.30332280 -55 552 792 5 48 0
99 52.42979510 13.45140190 -53 323 563 5 49 0
100 52.56611790 13.37740570 -53 383 623 5 50 0
EDGES
0 28 59 41 33 56 41 38 39 12 52 12 39 61 29 45 28 30 49 39 31 13 28 50 40 14 41 43 33 12 40 34 13 49 62 40 50 29 13 41 52 53 42 29 28 50 32 21 58 55 30 53 36 55 47 28 31 47 13 32 55 39 29 35 52 40 31 42 54 47 13 30 6 51 38 30 34 43 23 51 32 56 35 59 50 48 49 56 46 55 47 20 56 29 39 15 24 60 46 37 37
27 0 39 17 10 42 24 16 17 20 29 20 15 41 6 22 3 5 26 17 9 22 8 27 24 20 17 27 11 23 24 11 23 26 41 17 27 11 22 24 28 30 23 36 20 27 10 33 35 41 9 30 15 37 24 11 9 32 21 7 41 16 9 11 29 24 6 18 37 39 16 11 23 37 16 41 26 29 34 28 8 38 27 40 41 25 35 38 23 38 37 20 38 11 23 28 10 42 24 31 14
59 41 0 36 35 36 21 42 46 52 30 52 44 2 36 29 39 38 31 47 34 54 36 26 21 52 33 20 39 55 23 34 55 31 5 36 30 35 54 21 28 30 20 47 39 32 33 53 37 35 34 29 41 30 29 34 34 34 53 39 35 25 36 30 28 22 38 31 8 44 52 33 55 33 24 58 33 32 50 25 36 31 34 3 46 27 37 30 27 9 42 51 31 34 21 54 39 8 26 39 29
40 16 36 0 11 40 24 9 17 33 17 33 11 38 14 11 15 16 14 18 12 35 16 16 23 33 4 24 11 36 25 11 36 14 38 3 14 15 35 24 16 17 21 46 28 14 12 47 22 39 12 17 10 34 12 16 10 37 34 14 39 14 15 8 18 25 15 7 34 45 29 15 36 37 14 54 34 35 46 18 12 35 36 37 48 13 40 35 12 35 44 33 35 14 24 41 19 39 17 40 9
33 10 34 11 0 38 21 14 15 26 23 25 13 36 6 16 8 7 20 17 5 27 8 21 21 26 11 22 10 29 22 4 29 20 36 10 21 8 28 21 22 23 18 39 21 20 5 39 29 37 4 24 12 32 17 8 3 33 27 8 37 12 7 5 23 21 6 12 32 39 22 7 29 35 11 47 27 29 39 22 3 33 28 35 42 18 36 33 17 33 38 25 33 7 21 33 12 38 19 32 8
55 42 36 41 39 0 24 46 50 47 35 47 48 38 39 33 42 41 36 51 38 47 35 33 24 48 38 25 44 48 22 38 47 37 40 41 36 36 46 25 34 36 24 39 31 37 37 45 43 4 38 35 45 14 33 35 38 15 48 43 4 29 37 35 34 24 41 36 31 25 48 35 51 10 28 50 25 19 42 34 40 14 27 37 28 33 17 13 31 32 25 45 15 35 24 46 36 37 30 31 33
41 26 21 24 21 23 0 29 32 33 18 33 30 23 21 16 25 23 19 33 19 35 18 15 1 34 21 5 26 36 4 20 37 20 24 23 19 19 35 3 17 19 4 33 22 20 18 40 26 22 19 18 28 17 16 17 19 20 35 25 22 12 20 17 17 4 23 19 16 30 34 17 37 20 11 44 19 18 37 17 22 18 21 21 33 16 23 18 14 17 29 33 18 18 3 40 21 22 13 25 15
38 15 41 9 13 45 28 0 14 33 24 32 3 43 15 18 14 15 21 15 15 34 18 24 28 33 11 29 8 35 30 15 36 21 43 7 22 18 34 28 24 25 26 48 30 21 16 46 30 44 15 25 7 39 20 19 14 42 34 11 44 19 17 13 26 29 15 13 39 48 28 18 36 42 19 54 36 38 46 25 12 40 37 42 51 21 45 40 20 40 47 32 41 18 28 40 21 45 24 42 14
38 17 46 16 15 50 32 13 0 34 31 34 11 47 17 25 16 17 28 3 17 36 20 31 32 34 18 33 10 37 34 17 37 28 47 14 29 20 36 32 31 32 30 50 32 29 18 48 37 48 17 32 10 43 27 21 16 44 35 11 49 23 19 16 33 34 17 21 43 50 30 20 37 47 23 55 38 40 48 32 14 44 40 46 53 28 47 44 27 44 49 34 45 20 33 42 23 49 30 44 19
12 22 52 34 26 48 33 34 34 0 45 2 34 53 22 38 21 24 42 34 23 2 21 43 33 6 34 36 28 4 33 26 4 42 55 33 43 22 3 33 44 46 35 19 21 43 25 16 51 47 23 46 32 48 40 21 24 37 2 25 47 32 22 27 45 33 24 34 47 37 9 23 8 43 31 24 24 34 16 44 25 49 25 52 40 41 40 48 39 48 37 13 49 21 32 8 17 52 39 27 30
52 29 29 17 23 34 18 24 32 45 0 45 26 31 26 9 28 28 6 34 24 47 28 7 17 45 15 18 26 48 20 23 48 4 31 18 5 27 47 18 8 2 15 44 37 6 23 51 10 33 24 1 25 28 10 26 22 31 46 27 33 16 27 20 3 19 27 15 28 41 42 25 48 31 15 56 31 29 48 8 24 29 32 30 44 9 34 29 10 29 40 45 30 26 18 51 31 33 11 37 18
12 21 51 33 26 49 33 33 34 2 45 0 34 53 22 37 21 23 42 34 23 3 20 43 33 6 34 35 28 5 33 26 5 42 54 33 43 21 4 33 44 45 34 20 21 42 25 17 51 48 23 45 31 47 39 21 24 38 2 25 48 31 22 27 45 32 24 34 46 38 8 23 8 44 30 25 25 35 17 44 24 49 26 52 41 40 41 48 39 47 38 12 49 21 32 10 17 52 39 28 30
40 16 43 11 14 47 30 3 12 33 26 33 0 45 15 20 15 16 23 13 16 35 18 26 30 33 13 31 9 36 32 15 36 23 45 9 24 19 35 30 26 27 28 49 31 23 16 46 32 46 16 27 6 41 22 19 14 42 34 13 46 21 18 15 28 32 16 15 41 49 29 18 36 44 21 54 36 39 47 27 13 42 38 44 51 23 45 42 22 42 47 32 43 18 30 41 21 47 26 42 16
61 42 2 38 36 38 23 43 47 54 31 53 45 0 37 31 41 40 33 48 36 55 38 28 22 54 35 22 41 56 25 35 57 33 7 38 31 36 55 23 29 31 21 48 40 33 34 55 38 36 35 31 43 31 30 35 35 35 55 41 37 27 37 32 30 24 39 33 9 45 54 35 57 35 26 59 34 33 52 27 38 32 36 4 48 29 38 32 28 11 44 53 33 36 23 55 41 9 27 40 30
29 6 34 14 6 39 21 16 17 22 25 21 15 36 0 18 6 5 22 18 4 23 6 23 21 22 14 22 11 25 21 7 25 22 36 13 23 8 24 21 25 26 19 36 18 23 5 35 31 37 4 26 14 32 20 8 4 30 23 7 38 12 5 8 25 21 5 15 32 36 18 7 25 34 12 43 24 26 35 24 4 33 25 35 39 21 33 33 19 33 35 21 34 7 20 29 8 38 20 29 10
45 22 29 10 16 33 17 18 26 38 9 38 20 31 19 0 21 21 6 27 17 40 21 9 16 38 9 17 19 41 19 16 41 6 31 11 7 20 40 17 8 10 14 43 31 7 16 50 15 32 17 10 19 27 4 19 15 30 39 20 32 12 20 13 11 18 20 7 27 40 35 18 41 30 11 54 30 28 47 10 17 28 31 30 43 6 33 28 5 28 39 38 28 19 17 46 24 33 10 35 10
28 3 39 17 9 42 25 16 17 21 28 20 15 40 6 21 0 4 25 17 8 22 9 27 25 21 17 26 10 24 25 10 24 26 40 16 26 12 23 25 28 29 23 37 20 26 9 34 34 41 8 29 14 36 23 12 8 33 22 6 41 16 10 11 29 24 5 17 36 39 16 11 24 37 16 42 26 29 34 28 7 38 28 39 42 24 36 37 22 37 38 20 38 11 24 28 11 42 24 32 14
29 5 37 16 7 41 24 15 16 22 28 22 14 38 5 20 4 0 25 16 7 24 8 26 23 23 16 25 10 25 24 9 26 25 38 15 25 10 24 24 27 28 21 38 20 25 7 36 33 40 6 28 13 34 22 11 6 33 24 6 40 14 8 10 28 23 1 17 34 39 18 10 26 37 14 43 26 29 36 27 5 36 28 38 42 23 36 35 22 35 38 22 36 9 23 30 10 40 22 32 13
50 27 31 14 20 36 19 20 29 43 6 42 23 33 23 6 25 25 0 31 21 44 25 7 19 43 12 20 23 45 21 20 46 4 33 15 5 24 44 19 6 7 16 46 36 2 21 52 12 35 21 7 23 29 7 23 20 33 44 24 35 16 24 17 8 20 25 12 29 43 39 22 46 33 15 57 32 31 49 10 22 31 34 32 45 7 36 30 7 30 41 42 31 23 19 50 28 35 12 38 15
39 18 47 18 17 51 34 15 3 35 33 34 13 49 18 27 16 18 30 0 19 36 21 33 34 35 20 35 11 37 36 18 38 30 49 16 31 22 37 34 32 34 31 51 33 30 19 48 39 50 18 34 12 45 29 23 17 45 36 12 50 25 20 18 34 35 17 22 45 51 30 22 38 48 25 56 39 41 48 34 16 46 40 48 54 30 48 46 28 46 50 34 47 22 34 42 24 51 30 45 20
31 8 32 11 4 36 19 15 17 24 23 23 15 34 4 15 7 6 20 18 0 25 6 21 19 24 12 20 11 26 20 4 27 20 34 11 21 5 25 19 22 23 16 37 18 20 3 37 29 35 1 23 13 29 17 6 2 30 25 8 35 9 5 5 23 19 6 12 30 37 21 5 27 33 9 44 24 27 37 22 4 31 26 33 39 18 33 30 17 31 35 23 31 5 18 31 9 35 17 30 8
13 23 53 35 28 48 35 35 36 2 47 3 35 55 24 39 23 25 44 36 25 0 22 45 35 8 36 37 30 4 35 28 4 44 56 35 45 23 2 35 46 47 36 19 22 44 27 15 53 47 24 47 33 48 41 22 26 37 2 27 47 33 24 29 47 34 26 36 48 37 10 25 9 43 32 23 24 33 16 46 26 49 24 54 39 42 39 47 41 49 36 14 49 23 34 8 19 54 41 27 32
27 9 36 15 8 37 19 18 19 20 27 20 17 37 5 19 8 7 24 20 5 22 0 25 19 20 16 21 13 23 18 8 23 24 37 15 25 5 22 19 26 27 17 33 15 24 7 33 33 35 5 27 16 33 21 6 6 27 21 9 36 13 3 9 27 18 7 16 32 34 19 5 23 31 13 41 21 24 33 26 6 34 22 36 36 22 30 34 21 33 32 19 35 4 18 28 6 38 21 26 12
50 28 26 17 21 32 15 25 32 43 7 42 26 28 24 9 27 26 7 33 22 44 25 0 15 43 15 15 24 45 17 21 46 7 28 18 5 24 44 15 3 7 12 42 34 7 20 48 14 30 22 6 25 25 8 23 21 29 44 26 31 14 25 18 5 16 26 13 25 39 41 22 46 29 13 53 28 27 45 5 23 26 30 27 41 5 32 26 7 26 37 42 27 23 15 49 28 30 9 34 15
41 26 21 23 21 23 1 29 32 34 18 33 30 22 21 16 25 23 19 33 19 35 18 15 0 34 20 5 26 36 5 20 37 19 24 23 18 19 35 3 16 18 4 33 23 20 18 40 26 22 19 18 28 17 16 18 19 20 35 25 22 12 20 17 17 4 23 18 16 30 34 17 37 20 11 44 20 18 37 17 22 18 21 21 33 15 23 18 14 17 29 33 19 18 3 40 21 22 13 25 15
14 22 52 34 26 49 34 34 34 6 45 6 34 54 22 38 21 24 42 34 24 8 21 43 34 0 34 36 28 9 33 27 9 42 55 33 43 22 8 34 45 46 35 25 21 43 25 21 51 48 23 46 32 48 40 21 24 40 7 26 48 32 22 28 45 33 25 35 47 43 9 23 10 44 31 29 29 36 22 44 25 49 30 52 45 41 42 49 39 48 42 13 50 22 32 14 17 53 40 33 30
41 18 33 4 11 37 21 11 19 34 15 33 13 35 14 9 16 16 12 20 12 35 16 15 20 34 0 21 12 36 23 11 37 12 35 5 13 15 35 21 14 16 18 46 28 12 12 47 21 36 12 16 12 31 11 16 10 34 35 15 36 12 15 8 17 22 16 4 31 44 30 15 37 34 12 54 34 32 47 16 13 32 35 34 47 12 37 32 10 32 43 33 32 15 21 41 19 37 15 39 7
42 28 20 24 22 24 4 29 33 35 19 35 31 22 23 17 26 25 20 35 20 37 20 16 4 35 21 0 27 38 7 21 38 20 23 24 19 21 37 4 17 19 5 34 24 20 20 41 26 23 21 18 29 17 16 19 21 21 36 27 23 13 22 18 17 6 25 19 16 31 36 18 38 21 12 45 20 19 37 17 23 19 22 20 33 16 24 18 14 17 29 35 19 20 4 41 23 22 13 26 16
32 11 39 11 10 43 26 8 11 28 26 28 9 41 11 19 10 11 23 11 12 30 14 24 26 28 12 27 0 31 28 11 31 23 41 9 24 15 30 26 25 26 23 44 26 23 12 41 32 42 11 27 6 37 20 15 10 38 29 5 42 17 14 10 26 27 11 15 37 45 24 14 31 40 16 49 32 35 42 25 9 38 34 40 47 21 41 38 20 38 43 28 38 14 26 36 17 43 22 38 12
12 24 55 37 29 49 36 36 37 3 48 5 37 56 25 41 24 26 45 37 26 4 24 46 36 9 37 39 31 0 36 29 1 45 58 36 46 25 4 36 47 48 38 20 24 46 28 14 54 47 26 49 35 48 42 24 27 38 4 28 48 34 25 30 48 36 27 37 49 37 12 26 8 43 34 23 25 34 16 47 28 50 25 55 40 43 40 48 42 51 37 14 49 24 35 6 20 55 42 27 33
40 25 23 25 22 22 4 30 34 33 21 32 32 24 21 19 24 23 22 35 19 34 18 18 4 33 23 7 27 35 0 22 36 22 26 25 21 18 35 5 19 21 6 31 20 22 20 37 28 21 20 20 29 18 18 17 20 18 34 25 21 14 19 19 19 4 23 21 17 28 33 16 36 18 13 42 17 16 34 19 22 19 19 23 30 18 21 19 16 18 26 32 20 18 3 38 20 23 15 23 17
33 11 34 11 4 38 20 15 17 25 23 25 15 35 6 16 9 8 20 18 4 27 8 21 20 26 11 22 11 28 21 0 29 20 35 10 21 7 27 21 22 23 18 38 20 21 4 39 29 37 4 24 13 31 17 8 2 32 27 9 37 11 7 4 23 21 8 12 31 38 23 7 29 35 11 46 26 28 39 22 5 33 28 35 41 18 35 32 17 32 37 25 33 6 20 33 11 37 19 32 7
13 25 55 37 29 48 36 37 37 4 48 5 37 57 25 41 24 27 45 37 26 4 24 46 36 10 37 39 31 1 36 29 0 45 58 36 46 25 4 37 48 49 38 19 24 46 28 14 54 47 26 49 35 48 43 24 27 37 4 28 47 35 25 31 48 36 27 38 50 37 12 26 9 43 34 23 24 34 16 47 28 49 25 55 40 44 40 48 42 51 37 14 49 25 35 6 20 55 42 27 33
50 27 31 14 20 36 19 22 29 43 4 42 24 33 23 6 25 25 3 31 21 44 25 7 19 43 12 20 23 45 22 20 46 0 33 15 4 24 44 19 6 5 16 46 36 4 21 53 10 35 21 5 23 29 7 23 20 33 44 24 35 16 24 17 6 20 25 12 29 43 39 22 46 33 15 57 32 31 49 10 22 31 34 32 45 7 36 30 7 30 41 42 31 23 19 50 28 35 12 38 15
62 42 5 38 36 39 24 44 47 55 31 55 45 7 38 31 41 40 33 49 36 57 38 28 24 55 35 24 41 58 26 35 58 33 0 38 31 37 57 24 30 31 21 50 42 33 34 57 39 38 36 31 43 33 30 36 35 37 56 41 39 27 37 32 30 25 40 33 11 47 55 35 58 37 26 61 36 35 54 27 38 34 38 6 49 29 40 34 28 13 46 54 35 36 24 57 41 11 27 42 30
40 16 36 3 10 40 23 7 15 33 18 32 9 38 13 12 14 15 15 16 12 34 15 17 23 33 5 24 9 36 25 10 36 15 38 0 16 15 35 23 17 18 20 46 27 15 12 46 24 39 11 19 8 34 13 15 10 37 34 13 39 13 14 7 20 24 15 8 34 45 28 14 36 37 13 53 33 35 46 19 12 35 35 37 47 15 40 34 14 35 43 32 35 14 23 40 19 39 18 39 8
51 27 29 15 21 35 18 23 30 43 6 43 24 31 24 7 26 26 5 32 22 45 26 5 18 44 13 18 24 46 20 21 47 4 31 16 0 25 45 18 4 7 15 45 37 5 22 51 12 33 22 6 23 28 8 24 20 32 45 25 34 17 25 18 8 19 25 13 28 42 40 23 47 32 16 56 31 30 48 8 23 30 33 30 44 7 35 29 8 29 40 43 30 24 18 51 29 33 12 37 16
30 11 35 15 7 37 19 18 20 23 26 22 18 36 7 19 10 9 23 22 5 24 4 25 19 23 15 21 15 25 19 8 26 24 36 14 24 0 24 19 26 27 16 34 16 24 6 36 32 36 5 27 17 32 21 3 5 28 24 11 36 13 5 9 26 18 9 16 32 34 22 4 26 32 12 42 22 24 34 26 8 34 23 36 37 22 31 33 20 33 33 22 34 2 17 30 9 38 21 27 11
13 24 54 36 28 47 36 36 36 3 47 4 36 56 24 40 23 26 44 36 26 3 23 46 36 9 36 38 30 4 35 29 3 45 57 35 45 24 0 36 47 48 37 18 23 45 27 14 53 46 25 48 34 47 42 23 26 36 4 28 46 34 24 30 47 35 27 37 49 36 11 25 9 42 33 23 23 33 15 46 27 48 24 54 39 43 39 47 41 50 36 13 48 24 34 7 19 55 42 26 32
39 25 21 24 21 24 3 29 32 32 18 32 30 23 21 17 24 23 19 33 19 34 17 16 2 32 21 5 26 35 4 20 35 20 24 23 19 18 34 0 17 19 4 33 21 20 18 39 26 23 19 18 28 18 16 16 19 20 33 25 23 12 18 17 17 2 23 19 17 30 33 15 35 20 11 44 19 18 36 17 22 19 21 21 32 16 23 19 14 18 28 32 20 17 1 40 20 23 13 25 15
50 28 27 15 22 32 16 23 31 43 7 43 25 29 25 7 27 27 5 32 23 45 26 3 15 43 14 16 25 46 18 22 46 6 29 16 4 25 45 16 0 7 13 42 35 6 21 49 14 31 23 7 24 26 8 24 21 29 44 26 31 14 25 19 6 17 26 13 26 39 41 23 46 29 13 54 29 27 46 6 23 27 30 28 42 6 32 27 8 27 38 43 27 24 16 49 29 31 9 34 16
53 30 30 17 23 35 18 25 32 45 2 45 27 31 26 9 28 28 7 34 25 47 28 7 18 45 15 18 26 48 20 23 48 5 31 18 6 27 47 18 8 0 15 45 37 7 23 51 9 33 24 2 26 28 10 26 23 32 46 28 34 16 27 20 3 19 28 15 28 42 42 25 48 31 16 56 31 30 48 8 25 29 32 30 44 10 35 29 10 29 40 45 30 26 18 52 31 33 11 37 18
41 23 20 21 18 25 4 26 29 34 15 34 27 21 18 14 22 21 16 31 16 36 18 13 4 34 18 6 23 37 6 17 37 17 21 20 16 17 36 4 14 16 0 35 24 17 15 41 23 23 16 15 25 18 13 16 16 22 35 23 24 9 17 14 14 5 20 16 18 32 35 15 37 22 8 46 21 20 38 14 19 19 23 21 34 13 25 19 11 19 30 33 20 16 4 42 21 24 10 27 13
30 37 47 46 39 40 33 49 50 19 45 20 48 49 36 43 36 38 46 51 36 19 33 42 33 25 47 36 44 20 31 39 19 46 51 46 46 33 18 34 44 45 34 0 24 47 38 17 53 39 36 45 47 40 43 32 37 29 20 40 39 39 35 40 44 34 38 45 42 28 27 34 26 35 38 21 17 26 14 44 38 41 17 48 31 43 32 40 41 43 27 22 41 33 33 18 31 48 40 18 42
29 21 38 29 21 31 23 32 33 21 36 21 31 40 19 32 20 21 36 34 19 23 15 34 22 22 29 25 27 24 20 22 25 36 42 28 37 16 23 23 35 37 24 23 0 36 20 27 44 30 19 36 30 31 33 15 19 21 23 23 30 23 17 23 35 22 21 29 33 24 22 17 25 26 23 31 9 17 24 35 20 33 11 39 27 34 23 31 32 34 23 19 32 15 21 26 13 39 31 15 25
50 27 32 14 21 36 20 21 30 43 6 43 23 33 24 6 26 26 2 31 22 45 26 7 19 43 13 20 24 46 22 21 46 4 33 15 5 24 45 20 7 7 17 46 36 0 21 53 12 35 22 7 23 30 8 24 20 33 44 25 35 16 24 18 8 21 25 12 30 43 40 23 46 33 15 58 33 31 50 10 22 31 34 32 46 7 36 31 8 31 42 42 32 24 20 51 29 35 13 38 15
32 10 31 13 5 35 18 17 18 25 22 25 16 32 6 14 9 8 19 20 4 27 8 20 17 25 12 19 13 28 19 6 28 19 32 13 19 7 27 18 21 22 15 38 20 19 0 38 27 34 4 22 15 28 16 7 4 32 26 10 34 8 7 6 22 19 8 12 28 38 23 6 28 32 8 46 26 28 38 21 6 30 27 32 41 17 35 29 16 29 37 25 30 6 18 33 11 34 16 32 6
21 35 54 47 39 47 40 47 47 16 52 17 47 56 35 50 34 37 53 47 36 15 34 49 40 21 47 43 41 15 38 39 15 53 57 46 52 35 15 41 50 52 41 17 26 54 38 0 59 46 36 52 45 47 49 34 37 36 16 38 46 44 35 40 51 40 37 47 49 35 24 36 19 42 43 15 23 33 8 51 38 48 24 54 38 49 39 47 48 50 35 18 48 34 40 9 30 54 47 25 43
59 35 37 23 29 42 25 30 38 51 10 51 32 39 32 15 34 34 12 40 30 53 34 14 25 52 21 26 32 54 28 29 55 10 39 24 13 33 53 25 15 9 22 52 44 12 29 59 0 41 30 10 31 35 16 32 28 39 53 33 41 24 33 26 10 26 33 21 35 49 48 31 55 39 23 63 38 37 55 15 31 37 40 38 51 16 42 36 16 36 47 51 37 32 25 59 37 41 19 44 24
54 41 35 40 38 4 22 45 49 46 34 46 47 37 38 32 41 39 35 50 37 46 34 31 23 47 37 24 42 47 21 37 46 36 39 40 35 35 45 24 33 35 23 38 30 36 36 44 42 0 37 34 44 13 32 34 37 15 47 42 2 28 36 34 33 23 40 35 30 26 47 34 50 8 27 49 24 19 41 33 39 14 26 36 28 32 18 12 30 31 26 44 13 34 23 45 35 36 29 30 32
30 8 33 12 4 37 19 16 17 23 23 22 15 34 3 16 7 5 20 18 1 24 5 22 19 23 12 21 12 26 20 5 26 21 34 12 21 5 25 19 23 24 16 36 18 21 3 36 29 36 0 24 14 30 18 6 3 30 24 7 36 10 4 6 24 19 5 13 30 36 20 5 26 33 10 44 24 26 36 23 4 32 25 34 39 19 33 31 17 31 35 22 32 5 18 30 9 36 18 30 8
52 30 29 17 24 34 17 25 33 45 2 44 27 31 26 9 29 28 7 34 24 46 27 6 17 45 16 18 27 48 20 24 48 5 31 18 6 26 47 17 7 2 15 44 36 7 23 51 10 33 24 0 26 27 11 25 23 31 46 28 33 16 27 21 2 19 28 15 27 41 43 24 48 31 15 55 30 29 48 7 25 29 32 30 43 9 34 28 11 29 40 44 29 25 17 51 30 33 11 36 17
37 14 41 10 12 45 28 7 11 31 25 30 6 42 13 19 12 14 22 12 14 32 16 25 28 31 12 29 6 34 30 13 34 22 42 8 23 17 33 28 25 26 25 47 28 22 14 44 31 44 13 26 0 38 21 17 12 40 32 9 44 18 15 12 27 29 13 14 38 47 26 16 34 42 18 52 34 37 44 26 11 40 36 42 49 22 43 39 21 40 45 30 40 16 28 38 19 44 23 40 13
55 40 30 36 34 13 17 41 45 48 31 47 43 32 35 29 39 38 32 46 34 48 33 28 17 48 33 18 39 48 18 33 48 32 33 36 31 33 47 18 29 31 20 39 32 32 32 46 38 12 33 30 41 0 28 32 33 22 48 39 13 25 34 30 29 19 37 31 25 33 48 31 51 15 24 51 26 24 43 29 36 6 27 30 36 28 25 15 26 26 33 45 14 33 18 46 35 30 25 31 28
47 24 28 13 18 33 16 21 28 40 9 40 23 30 21 5 23 23 6 29 19 42 23 7 16 40 11 16 21 43 18 18 43 6 30 14 6 22 42 16 8 10 13 43 33 7 18 49 15 31 19 10 22 26 0 21 17 30 41 22 32 13 22 15 10 17 22 9 26 40 37 20 43 30 12 54 29 28 46 8 19 27 30 29 42 4 33 27 4 27 38 40 28 21 16 48 26 32 9 35 12
28 13 34 17 9 35 17 20 22 21 26 20 20 36 8 19 11 10 23 23 6 22 5 24 17 21 17 19 16 24 16 9 24 23 36 16 24 3 23 17 25 27 16 32 14 24 8 34 32 34 7 27 18 31 21 0 7 26 22 13 34 12 6 10 26 16 10 16 30 32 21 3 24 30 12 40 20 22 33 25 9 32 22 35 35 21 29 32 20 31 31 20 33 3 15 28 7 36 20 26 11
32 9 34 10 2 38 20 14 15 25 22 25 13 35 5 15 8 7 19 17 4 27 8 20 20 25 10 21 10 28 21 3 28 19 35 10 20 7 27 21 21 23 18 38 20 20 4 39 28 36 4 23 12 31 17 8 0 32 26 8 37 11 7 4 22 21 6 11 31 38 22 6 28 35 11 46 26 28 38 21 3 32 27 34 41 18 35 32 16 32 37 25 33 6 20 33 11 37 18 32 7
46 34 35 38 33 15 21 43 44 37 33 39 42 36 30 31 33 32 34 45 30 37 27 30 21 39 35 23 39 38 19 33 37 34 38 38 33 27 36 22 31 33 22 29 21 34 32 36 40 16 30 32 41 23 30 26 31 0 38 34 16 27 29 32 31 21 32 33 29 15 40 28 42 10 26 40 15 6 32 31 32 23 17 35 17 30 4 19 28 30 13 35 20 27 20 36 27 35 27 18 30
13 23 53 35 27 49 34 35 35 2 46 2 35 55 23 39 22 25 43 35 24 2 22 44 34 8 35 37 29 4 34 27 4 43 56 34 44 23 3 35 46 47 36 20 22 44 26 16 52 48 24 47 33 49 41 22 25 38 0 26 48 33 23 29 46 34 25 36 48 37 10 24 9 44 32 24 25 34 17 45 26 50 25 53 40 42 40 48 40 49 37 14 50 23 33 9 18 53 40 28 31
31 7 38 14 8 42 25 11 12 24 27 24 12 40 7 20 6 7 24 12 8 25 10 25 25 24 15 26 5 27 25 9 27 24 40 13 25 12 26 25 26 27 22 40 22 24 9 37 33 41 8 28 9 36 21 12 8 34 25 0 41 16 9 9 27 25 6 16 36 41 20 11 27 38 16 45 28 31 38 26 7 37 30 39 43 22 37 37 21 37 39 23 38 11 24 32 13 42 23 34 12
54 41 35 40 38 4 23 45 49 46 35 47 47 37 38 33 41 40 36 50 38 46 34 32 23 47 37 24 43 47 21 37 46 36 39 40 35 35 45 24 33 35 23 38 30 36 36 45 42 2 37 34 45 13 32 34 37 16 47 42 0 29 36 34 33 24 40 35 30 26 47 34 50 9 28 49 24 19 42 33 39 14 26 36 29 32 19 12 30 31 27 44 14 34 23 45 35 36 29 30 32
38 17 26 14 11 30 13 18 22 31 18 31 20 27 13 12 16 15 16 24 11 33 14 16 12 31 11 13 16 34 15 10 34 16 27 13 17 13 33 13 17 19 10 40 23 16 9 44 25 29 11 18 18 23 13 12 10 27 32 16 29 0 13 7 17 14 15 9 23 36 30 11 34 27 3 49 26 25 42 16 13 25 28 26 39 14 30 24 12 24 35 31 25 12 13 39 17 29 11 32 5
29 10 35 14 7 37 19 18 19 22 26 22 17 36 5 18 9 7 23 20 4 24 5 24 19 22 15 21 14 25 19 7 25 23 36 14 24 5 24 19 25 26 17 35 17 23 6 36 32 36 4 26 16 32 20 5 5 29 23 10 36 12 0 8 26 18 7 15 32 36 22 4 25 32 12 43 23 26 36 25 6 34 25 36 38 21 32 33 20 33 34 22 34 4 17 30 8 38 20 29 11
34 12 30 9 5 34 17 13 16 27 20 27 14 32 8 13 10 10 17 17 6 29 10 18 17 27 9 18 10 30 19 4 30 17 32 8 18 9 29 17 19 20 14 40 22 18 6 40 26 33 6 21 12 28 14 9 4 31 28 9 33 8 8 0 20 18 9 9 28 38 24 8 30 31 8 48 28 28 40 19 6 29 29 31 41 15 34 29 14 29 37 27 30 8 17 35 13 34 15 34 4
51 30 28 18 23 33 16 26 34 44 3 43 28 30 25 10 28 27 8 35 23 45 26 5 16 44 17 17 26 47 19 23 47 6 30 19 7 25 46 17 7 3 14 43 35 8 22 50 10 32 23 2 27 27 11 24 23 30 45 27 32 15 26 20 0 18 27 16 27 40 42 23 47 30 14 54 29 28 47 6 25 28 31 29 43 8 33 27 10 28 39 43 28 24 17 50 30 32 10 35 17
40 25 21 24 21 24 3 29 32 33 19 32 30 23 21 17 24 23 20 34 19 34 17 16 3 33 21 5 26 35 4 20 36 20 25 23 19 18 34 1 17 19 4 33 22 20 18 40 26 23 19 18 28 18 16 17 19 20 34 25 23 12 19 17 17 0 23 19 17 30 33 16 36 21 11 44 19 18 37 17 22 20 21 22 33 16 23 19 14 18 29 32 20 17 2 40 20 23 13 25 16
30 6 37 16 7 41 24 15 16 23 28 22 14 39 6 20 4 1 25 16 7 24 9 26 24 23 16 25 9 26 24 9 26 25 39 15 26 10 25 24 27 28 21 39 21 25 8 36 34 40 6 28 13 35 22 11 7 33 24 5 40 14 8 10 28 24 0 16 35 39 19 10 26 37 14 44 27 29 36 27 6 36 28 38 42 23 36 35 22 36 38 22 36 10 23 30 11 40 22 33 13
41 18 31 7 11 35 19 14 21 34 14 33 16 33 14 7 16 16 11 22 12 35 16 13 18 34 4 19 14 36 21 11 37 12 33 8 12 15 35 19 14 15 16 45 28 12 12 47 20 34 12 15 15 29 9 16 10 32 35 15 34 10 15 8 16 20 16 0 29 42 30 15 37 32 10 54 32 30 47 14 13 30 33 32 45 10 35 30 8 30 41 33 30 15 19 41 19 34 12 37 6
54 39 8 34 33 30 16 40 44 46 29 46 42 9 34 27 37 36 30 45 32 48 31 26 16 46 32 17 37 49 17 32 49 30 11 34 29 32 48 17 27 29 18 41 33 31 31 47 37 29 32 29 39 24 27 31 32 28 47 37 29 23 33 29 28 18 36 29 0 38 47 30 49 28 22 52 27 26 44 25 34 25 29 7 40 27 31 25 25 2 36 46 25 31 17 48 34 7 24 33 27
46 40 44 46 39 25 30 49 50 36 42 37 48 46 36 40 39 38 43 51 36 36 33 39 30 42 44 33 45 37 28 39 36 43 47 45 42 33 35 31 40 42 31 27 24 44 38 34 49 25 36 41 48 33 39 32 37 15 37 41 26 36 35 38 41 30 38 42 39 0 42 34 43 20 35 39 17 13 31 41 38 34 17 44 5 39 12 30 38 40 6 36 31 33 30 35 34 44 37 12 38
13 17 52 31 24 49 33 29 30 10 43 9 29 53 19 35 16 19 40 30 21 11 19 41 33 10 31 36 23 12 33 24 13 40 54 30 41 22 11 33 42 43 35 28 21 40 23 24 49 48 21 43 27 48 37 21 22 40 11 21 48 29 21 25 43 33 20 32 47 43 0 22 11 44 29 32 29 36 25 42 22 49 29 52 46 38 42 48 37 48 42 13 49 21 32 17 15 52 37 33 28
30 11 33 15 7 35 17 18 20 23 25 22 18 35 6 18 10 8 22 21 4 24 5 23 16 23 15 19 14 26 16 7 26 22 35 14 23 4 25 17 24 26 15 34 16 23 6 36 31 34 5 26 16 31 20 3 5 27 24 11 34 11 5 8 25 16 9 15 30 34 22 0 26 30 11 42 22 24 34 24 7 32 23 34 36 21 30 32 19 31 32 22 32 3 15 30 9 36 19 28 10
5 25 55 37 29 52 36 37 37 8 48 8 37 56 25 41 24 27 45 37 26 9 24 46 36 10 37 39 31 8 36 29 9 45 58 36 46 25 9 36 47 49 38 26 24 46 28 19 54 51 26 49 35 51 43 24 27 43 9 28 51 35 25 30 48 36 27 37 50 43 11 26 0 47 34 28 31 39 21 47 28 52 31 55 46 44 45 51 42 51 43 16 52 24 35 12 20 55 42 33 33
50 37 34 37 36 10 21 43 47 42 32 42 45 36 34 30 37 36 33 48 34 42 30 29 21 43 35 23 40 43 19 35 42 34 38 38 33 31 41 22 31 32 21 34 26 34 34 40 40 8 33 32 42 15 30 30 34 10 43 38 9 26 32 32 31 21 36 33 29 21 43 31 46 0 25 45 20 13 37 31 35 16 22 34 23 30 12 12 28 30 21 40 13 30 20 41 31 35 27 26 30
38 17 25 14 11 29 12 18 22 31 17 31 20 26 13 11 16 15 15 24 11 33 14 15 11 31 11 12 16 34 14 10 34 15 26 13 16 13 33 12 16 18 9 39 23 16 9 44 24 27 11 17 18 22 12 12 10 26 32 16 28 2 13 7 16 13 15 9 22 36 30 11 34 26 0 49 25 24 41 15 13 23 27 25 38 13 29 23 11 23 34 31 24 12 12 39 17 28 10 31 5
30 43 59 54 47 52 45 55 56 24 57 25 55 60 44 55 42 45 58 56 44 24 40 54 45 30 54 47 49 24 43 47 24 58 62 54 57 41 23 46 55 57 46 22 31 58 45 15 64 51 44 56 53 52 54 40 45 41 25 47 51 50 43 48 55 45 46 55 53 40 32 42 28 47 49 0 28 37 12 55 45 53 29 59 43 54 44 51 52 54 40 26 53 41 44 18 38 59 51 30 50
35 26 33 34 26 26 19 37 38 24 31 26 36 35 24 29 27 26 32 38 24 24 20 28 19 28 33 22 32 25 17 27 25 32 37 33 31 20 24 20 29 31 20 16 10 33 25 23 39 25 23 31 35 26 29 19 24 15 25 28 25 25 22 28 30 19 26 31 28 17 28 22 31 21 24 27 0 12 20 30 25 27 3 33 19 28 18 26 27 29 16 23 27 20 19 23 19 33 26 7 28
43 30 33 36 29 18 19 39 40 33 30 35 38 34 26 29 29 28 32 41 26 33 23 28 19 35 33 21 35 34 16 29 34 32 36 35 31 23 33 20 29 31 19 25 17 32 28 32 38 19 26 30 38 25 28 22 27 6 34 31 19 24 25 28 29 19 28 31 27 13 36 24 38 13 24 36 11 0 29 29 28 26 12 33 16 28 9 20 26 28 11 31 22 23 18 32 24 33 25 15 28
23 35 51 47 39 44 37 47 48 16 49 18 48 53 36 47 35 37 50 48 36 16 33 46 37 22 47 40 42 17 35 39 16 50 55 46 49 33 15 38 48 49 38 14 24 51 38 8 57 43 36 49 46 44 47 32 37 33 17 39 43 42 35 40 48 37 38 47 46 32 25 34 21 39 41 12 21 30 0 48 38 45 21 51 35 46 36 44 45 47 32 19 45 33 37 11 31 52 44 22 42
51 29 25 18 22 33 16 26 33 44 8 43 28 27 25 10 27 27 10 33 23 45 26 5 16 44 17 17 25 46 18 22 47 10 27 20 8 25 46 16 6 8 13 43 35 10 22 49 15 32 23 7 27 26 10 24 21 30 45 26 32 15 26 19 7 17 27 15 25 40 41 23 47 30 14 54 29 28 46 0 24 28 31 26 42 7 33 27 9 26 38 43 28 24 16 50 29 29 9 35 16
31 7 35 13 4 39 22 15 15 24 25 23 13 36 4 17 6 4 22 17 5 25 7 23 21 24 13 23 10 27 22 5 27 22 36 12 23 8 26 22 24 25 19 37 19 22 5 37 30 38 4 25 13 32 19 8 3 31 25 6 38 12 6 6 25 22 4 13 32 37 20 7 27 35 12 45 25 27 37 24 0 34 26 36 40 20 34 33 19 33 36 23 34 7 21 31 10 38 20 31 10
58 44 33 39 38 16 21 45 49 51 34 51 47 35 39 32 42 41 35 50 37 51 36 31 21 51 36 22 42 52 21 37 51 35 37 39 34 37 50 22 33 34 23 43 35 36 36 50 42 15 37 34 44 7 32 36 37 25 52 42 15 28 38 34 33 23 41 34 28 35 52 35 54 18 27 54 29 28 47 33 39 0 31 34 38 32 27 18 30 29 36 49 18 36 22 50 39 34 29 35 32
35 28 35 36 28 28 21 38 39 25 33 26 37 37 25 31 28 27 34 40 25 25 22 30 21 29 35 24 34 25 19 28 25 34 38 35 33 22 24 22 31 33 22 17 12 35 27 23 40 27 25 32 37 28 30 21 26 16 26 30 27 27 24 29 32 21 28 33 30 16 29 23 31 23 26 28 3 12 20 31 27 29 0 35 19 30 17 28 29 31 16 23 29 22 21 23 21 35 27 7 30
59 41 3 37 35 36 21 43 46 52 30 52 45 4 37 30 40 39 32 48 35 54 37 27 21 52 34 20 40 55 23 34 55 32 6 37 30 36 54 21 29 30 20 47 39 32 33 53 38 35 35 30 42 30 29 35 35 34 53 40 35 26 36 31 29 23 39 32 7 44 53 34 55 34 25 58 33 32 50 26 37 31 35 0 46 28 37 31 28 9 42 52 31 35 21 54 40 8 26 39 29
49 42 47 48 42 28 33 52 53 39 45 40 51 48 39 43 42 41 46 54 39 39 35 42 33 45 47 35 47 39 30 42 39 46 50 48 45 36 38 34 43 45 33 30 27 46 41 37 52 28 39 44 50 36 42 35 40 17 40 43 29 39 38 41 43 33 41 45 41 5 45 36 46 23 38 42 19 16 34 43 40 37 20 47 0 42 15 32 40 42 9 39 34 36 32 38 36 47 39 15 41
48 25 27 13 18 32 15 21 29 41 9 40 23 29 21 5 24 23 7 30 20 42 23 5 15 41 12 16 21 44 18 18 44 7 29 15 7 22 43 15 7 10 13 42 34 7 19 49 16 31 19 9 22 25 5 21 18 29 42 23 31 13 22 15 8 17 23 10 26 39 38 20 44 29 13 53 28 27 46 7 20 27 30 28 41 0 32 26 4 27 38 40 27 21 15 48 27 31 9 34 13
49 37 38 41 36 17 24 46 47 40 36 41 45 39 33 34 36 35 37 48 33 40 30 33 24 42 38 26 42 40 22 36 40 37 41 41 36 30 39 25 34 36 25 32 24 37 35 38 43 18 33 35 44 25 33 29 34 4 41 37 19 30 32 35 34 24 35 36 32 12 43 31 45 12 29 43 18 9 35 34 35 26 18 38 15 33 0 21 31 33 12 38 23 30 23 39 30 38 30 18 33
53 38 28 34 33 11 16 40 44 45 29 45 42 30 34 27 37 36 30 45 32 45 31 26 16 46 31 17 37 45 16 32 45 30 32 34 29 31 44 17 28 29 18 37 29 31 31 43 37 10 32 29 39 13 27 30 32 17 46 37 10 23 33 28 28 18 36 29 23 27 46 30 49 10 22 48 23 18 40 28 34 13 24 29 30 26 19 0 25 24 28 43 5 31 17 44 33 29 24 29 26
46 23 27 12 17 31 14 20 28 39 10 39 22 28 20 4 22 22 7 28 18 41 22 7 14 39 10 14 20 42 16 17 42 7 28 14 8 21 41 14 8 11 11 41 32 8 17 47 16 29 18 11 21 24 4 20 16 28 40 21 30 12 21 14 10 15 21 8 24 38 36 19 42 27 11 52 27 26 44 9 18 25 28 27 40 4 31 25 0 25 36 39 26 20 14 47 25 30 7 33 11
55 40 10 35 34 31 17 41 45 47 30 47 43 11 35 28 38 37 31 46 33 49 32 27 17 47 33 18 38 50 18 33 50 31 13 35 31 33 49 18 29 30 19 42 34 32 32 48 38 30 33 30 40 25 28 32 33 29 49 38 30 24 34 30 29 19 37 30 2 39 48 31 50 29 23 53 28 27 45 27 35 26 30 9 41 28 32 26 26 0 37 47 26 32 18 49 35 9 25 34 28
46 39 43 45 38 25 29 48 49 36 41 37 47 44 35 39 38 37 42 50 35 35 32 38 29 42 43 31 43 36 27 38 36 42 46 44 41 32 35 30 39 41 30 27 24 42 37 34 48 26 35 40 46 34 38 31 36 13 36 39 27 35 34 37 39 29 37 41 37 6 42 33 42 21 34 39 16 11 31 39 37 34 16 43 9 38 12 30 36 39 0 36 31 32 28 34 32 43 35 12 37
19 21 51 33 25 46 32 33 33 12 44 12 33 53 21 37 20 23 41 33 22 14 20 42 32 12 33 35 27 14 32 25 14 41 54 32 42 21 13 33 43 45 34 21 18 42 24 18 50 45 22 45 31 46 39 20 23 35 13 24 45 31 21 26 44 32 23 34 46 36 13 22 15 41 30 26 22 32 18 43 24 47 23 51 39 40 38 46 38 47 36 0 47 21 31 14 16 51 38 26 29
56 42 31 37 36 14 19 43 47 49 32 49 45 33 37 30 40 39 33 48 35 48 34 29 19 49 35 20 40 49 19 35 49 33 35 37 33 35 48 20 31 32 21 40 33 34 34 47 40 13 35 32 42 14 30 34 35 20 49 40 13 26 36 32 31 21 39 32 26 31 50 33 52 13 25 51 27 22 44 31 37 16 28 32 34 30 23 7 28 27 31 46 0 34 20 47 37 32 27 32 30
28 11 34 15 7 35 17 18 20 21 26 21 18 36 7 19 10 9 23 22 5 22 4 24 17 21 15 20 15 24 17 8 24 23 36 14 24 2 23 18 26 27 16 32 14 24 6 34 32 34 5 27 17 32 21 2 5 26 22 11 34 12 5 9 26 17 9 16 31 32 21 3 24 30 12 40 20 22 33 25 8 33 22 35 35 22 29 33 20 32 31 20 33 0 16 28 7 36 20 26 11
40 25 20 23 20 24 2 28 32 33 18 32 30 22 21 16 24 23 19 33 18 34 18 15 2 33 20 4 25 36 4 20 36 19 24 23 18 18 35 2 16 18 3 33 22 20 17 40 25 23 18 17 27 18 15 17 18 20 34 25 23 11 19 16 17 3 22 18 17 30 33 16 36 21 10 45 20 18 37 16 21 19 21 21 33 15 23 18 14 18 29 32 19 18 0 40 20 22 12 25 15
15 29 53 41 34 46 39 41 42 8 51 10 41 55 30 45 28 31 50 42 31 8 28 48 40 14 42 42 35 6 37 34 6 50 57 41 51 29 7 40 50 51 40 17 25 50 33 9 59 45 30 51 39 46 47 28 32 35 9 33 45 39 30 35 50 40 32 42 48 35 16 30 12 41 38 18 22 32 11 50 32 47 23 54 38 48 38 46 47 49 35 14 47 29 39 0 25 54 46 25 38
24 11 40 19 12 37 21 22 23 17 31 16 21 41 8 23 11 10 28 24 9 18 6 29 21 17 20 24 17 20 21 12 20 28 41 19 29 8 19 21 30 31 21 31 13 28 11 30 37 36 8 31 20 36 25 8 10 28 18 13 36 17 7 13 31 21 11 20 35 34 16 9 20 32 17 38 20 24 30 30 10 37 22 40 37 26 31 36 25 36 33 16 37 8 20 24 0 40 25 26 16
59 44 8 40 38 36 22 46 49 52 33 52 48 9 40 33 43 42 35 51 38 54 37 30 22 52 37 23 43 55 23 38 55 35 12 40 34 37 54 23 32 34 24 47 39 36 36 53 41 35 38 33 45 30 32 36 38 34 53 43 35 29 39 34 32 24 42 35 7 44 53 36 55 33 28 58 33 32 50 29 40 31 34 8 46 31 37 30 31 9 42 51 31 37 23 54 40 0 30 39 32
46 25 24 17 18 28 12 23 29 39 11 38 25 26 20 9 23 22 12 30 18 40 21 8 12 39 14 12 21 41 14 18 42 12 26 18 11 20 41 12 9 11 9 39 30 12 17 45 18 27 18 10 23 22 9 19 18 25 40 23 27 10 21 15 10 13 22 12 22 35 37 18 42 25 9 50 25 23 42 8 20 23 26 25 38 8 28 23 7 23 34 38 24 19 12 45 25 28 0 31 12
37 32 39 40 32 30 25 43 44 26 37 28 42 41 30 35 31 32 38 45 30 26 26 34 26 32 40 28 38 27 23 33 27 38 43 40 38 27 26 26 36 37 26 18 16 39 31 25 45 30 30 37 41 32 35 26 31 18 27 34 31 31 29 34 36 26 32 38 34 11 33 28 33 25 30 29 7 14 22 36 31 33 8 40 14 35 17 32 33 35 11 26 33 26 25 25 26 40 32 0 34
38 15 28 9 8 32 15 14 19 30 17 30 16 30 11 10 14 13 14 20 10 32 13 16 15 31 7 16 12 33 17 7 34 15 30 9 15 12 32 15 17 18 13 42 24 15 8 44 23 31 9 18 14 26 12 11 8 30 32 13 31 6 12 4 17 17 13 7 26 38 28 10 34 29 6 50 28 28 42 17 10 27 30 29 41 13 32 27 11 27 37 30 28 11 15 38 16 32 12 34 0
EOF