NAME: pdptw-n20-ber2
LOCATION: Berlin
COMMENT:  ber20-1
TYPE: PDPTW
SIZE: 101
DISTRIBUTION: cluster-random (10 / 1.2)
DEPOT: random
ROUTE-TIME: 5000
TIME-WINDOW: 240
CAPACITY: 100
NODES
0 52.44176490 13.25876800 0 0 5000 0 0 0
1 52.59249810 13.33162410 57 2284 2524 5 0 51
2 52.47817110 13.30803990 13 4609 4849 5 0 52
3 52.43169190 13.50998290 40 3351 3591 5 0 53
4 52.58866460 13.40427250 59 3324 3564 5 0 54
5 52.41228350 13.25900320 43 4608 4848 5 0 55
6 52.39495550 13.38847610 12 4390 4630 5 0 56
7 52.55486520 13.51622340 57 1886 2126 5 0 57
8 52.39197540 13.63343440 45 536 776 5 0 58
9 52.48993220 13.52749240 47 4006 4246 5 0 59
10 52.59281940 13.38325620 58 686 926 5 0 60
11 52.58674760 13.42437840 11 1893 2133 5 0 61
12 52.37820340 13.65104420 47 2250 2490 5 0 62
13 52.40226640 13.39205700 19 1602 1842 5 0 63
14 52.44056870 13.50378180 36 0 5000 5 0 64
15 52.50836490 13.32686800 59 2036 2276 5 0 65
16 52.47920950 13.53140620 47 1979 2219 5 0 66
17 52.53421360 13.48674570 59 3942 4182 5 0 67
18 52.44355250 13.37629370 11 1953 2193 5 0 68
19 52.49461410 13.52884480 11 0 5000 5 0 69
20 52.58449810 13.33217750 19 1793 2033 5 0 70
21 52.44095920 13.49655660 21 1175 1415 5 0 71
22 52.39177030 13.38809060 22 2035 2275 5 0 72
23 52.39771740 13.38906600 19 4280 4520 5 0 73
24 52.57584530 13.35369990 52 0 5000 5 0 74
25 52.51623150 13.58382550 39 2338 2578 5 0 75
26 52.43978260 13.53935960 49 4506 4746 5 0 76
27 52.42077280 13.27583970 46 724 964 5 0 77
28 52.61392940 13.32370030 45 16 256 5 0 78
29 52.38821620 13.39170870 24 2872 3112 5 0 79
30 52.39750410 13.40161700 27 155 395 5 0 80
31 52.60374670 13.31410670 43 1594 1834 5 0 81
32 52.55359860 13.52215720 51 4766 5000 5 0 82
33 52.47026960 13.31060460 23 4486 4726 5 0 83
34 52.54734420 13.34710510 44 1125 1365 5 0 84
35 52.39600510 13.57477590 12 4783 5000 5 0 85
36 52.55089710 13.16403130 43 0 220 5 0 86
37 52.55291080 13.56009300 50 2266 2506 5 0 87
38 52.42122940 13.33509660 10 3293 3533 5 0 88
39 52.48298500 13.33148590 58 4473 4713 5 0 89
40 52.50208760 13.42939350 34 3683 3923 5 0 90
41 52.47146760 13.12848280 15 0 5000 5 0 91
42 52.43058360 13.51173500 41 2590 2830 5 0 92
43 52.45193250 13.14590110 20 2886 3126 5 0 93
44 52.47227660 13.34282290 60 0 5000 5 0 94
45 52.45241390 13.37245920 57 3046 3286 5 0 95
46 52.57499540 13.28083880 50 4747 4987 5 0 96
47 52.43357620 13.28887100 45 2614 2854 5 0 97
48 52.46732690 13.43841360 11 3847 4087 5 0 98
49 52.57701170 13.42503440 23 1455 1695 5 0 99
50 52.54268740 13.16677200 14 3833 4073 5 0 100
51 52.42079590 13.24760600 -57 2558 2798 5 1 0
52 52.42090670 13.26033500 -13 4629 4869 5 2 0
53 52.43995400 13.47984620 -40 3366 3606 5 3 0
54 52.52704950 13.48296900 -59 3351 3591 5 4 0
55 52.48611270 13.33396500 -43 4633 4873 5 5 0
56 52.55462600 13.40737850 -12 4447 4687 5 6 0
57 52.59237920 13.27201100 -57 1938 2178 5 7 0
58 52.41767990 13.26044520 -45 585 825 5 8 0
59 52.47409950 13.31066010 -47 4053 4293 5 9 0
60 52.34650000 13.64516220 -58 750 990 5 10 0
61 52.44077660 13.49499700 -11 1934 2174 5 11 0
62 52.57647730 13.33053690 -47 2544 2784 5 12 0
63 52.50652630 13.46129310 -19 1643 1883 5 13 0
64 52.55817870 13.50043910 -36 0 5000 5 14 0
65 52.58738470 13.37125290 -59 2061 2301 5 15 0
66 52.55424920 13.51419390 -47 2003 2243 5 16 0
67 52.53350470 13.60622660 -59 3968 4208 5 17 0
68 52.41692820 13.66518330 -11 1994 2234 5 18 0
69 52.52065320 13.48527270 -11 0 5000 5 19 0
70 52.41058020 13.65471270 -19 1851 2091 5 20 0
71 52.45337920 13.24920440 -21 1216 1456 5 21 0
72 52.46419590 13.31082490 -22 2066 2306 5 22 0
73 52.42767200 13.43555250 -19 4301 4541 5 23 0
74 52.54681600 13.49611810 -52 0 5000 5 24 0
75 52.56695030 13.21864930 -39 2396 2636 5 25 0
76 52.52051990 13.60661090 -49 4540 4780 5 26 0
77 52.53225450 13.60546990 -46 780 1020 5 27 0
78 52.59375040 13.39264090 -45 40 280 5 28 0
79 52.37707810 13.61581510 -24 2920 3160 5 29 0
80 52.53551010 13.44309810 -27 198 438 5 30 0
81 52.39661180 13.57171330 -43 1655 1895 5 31 0
82 52.42650290 13.40749530 -51 4809 4977 5 32 0
83 52.61269870 13.49067870 -23 4530 4770 5 33 0
84 52.59101120 13.44128320 -44 1386 1626 5 34 0
85 52.55347910 13.45999030 -12 4826 4964 5 35 0
86 52.55946040 13.37973730 -43 38 278 5 36 0
87 52.44255150 13.41316860 -50 2310 2550 5 37 0
88 52.51354020 13.45159020 -10 3327 3567 5 38 0
89 52.41606690 13.41444240 -58 4499 4739 5 39 0
90 52.41642130 13.33153120 -34 3716 3956 5 40 0
91 52.43957190 13.55223290 -15 0 5000 5 41 0
92 52.50714440 13.59208100 -41 2858 3098 5 42 0
93 52.47092260 13.28552440 -20 2922 3162 5 43 0
94 52.57667450 13.31695900 -60 0 5000 5 44 0
95 52.58279770 13.38949400 -57 3091 3331 5 45 0
96 52.62650950 13.23523080 -50 4766 4968 5 46 0
97 52.49896540 13.48943490 -45 2664 2904 5 47 0
98 52.43917400 13.54829930 -11 3870 4110 5 48 0
99 52.52263360 13.63834680 -23 1505 1745 5 49 0
100 52.49704630 13.42586680 -14 3885 4125 5 50 0
EDGES
0 27 12 27 34 8 22 42 40 38 33 35 42 26 27 18 37 36 17 39 26 27 23 21 28 46 31 7 33 24 24 29 41 11 22 37 31 47 13 14 27 35 27 37 14 17 26 6 20 34 30 6 6 24 37 15 31 28 7 13 47 26 25 32 41 30 40 51 45 35 45 4 10 31 37 30 49 51 35 47 33 37 23 45 37 37 27 23 31 25 14 31 45 9 23 33 34 35 31 53 26
26 0 18 35 13 32 39 30 48 36 10 16 50 38 34 18 39 28 28 36 3 34 40 39 7 41 38 29 8 41 38 6 30 21 11 44 26 36 32 20 27 35 34 38 21 26 9 28 28 17 28 29 30 31 28 20 17 9 30 20 55 34 4 29 27 8 29 43 53 27 53 23 22 39 27 24 44 44 12 54 23 45 34 27 18 23 12 32 26 36 34 39 40 20 5 12 16 34 39 48 27
12 18 0 19 25 18 24 33 33 31 24 26 35 23 19 8 29 28 13 32 18 19 25 24 19 38 23 13 24 26 23 20 32 4 13 29 23 39 16 5 19 27 19 30 6 11 17 12 13 25 22 15 15 16 28 5 23 19 16 3 40 19 16 25 31 22 32 43 38 27 38 12 5 24 29 22 41 43 26 39 23 30 19 36 28 27 18 17 23 21 17 24 37 4 14 24 25 28 24 45 18
27 34 18 0 38 32 23 32 17 21 40 38 18 20 4 24 19 28 18 22 34 5 24 22 35 26 6 27 40 23 20 37 31 20 29 13 39 32 24 18 18 44 1 46 17 16 33 26 10 36 39 30 30 8 25 19 31 35 30 20 23 4 33 21 32 38 31 31 21 24 21 29 21 15 29 38 29 31 40 23 27 14 16 44 38 31 33 14 23 15 27 7 24 22 31 38 41 18 7 31 17
33 13 25 38 0 39 44 22 50 29 5 5 52 43 36 22 32 21 34 29 13 37 45 43 10 34 39 36 18 46 43 16 21 27 13 47 33 26 39 27 22 42 38 45 28 32 18 35 30 9 34 36 36 35 21 26 10 21 37 27 57 37 12 22 19 7 21 34 52 20 52 30 29 43 19 32 36 34 3 56 16 47 39 17 8 15 9 36 19 40 40 40 33 27 13 4 26 27 40 40 23
8 33 18 31 40 0 21 46 44 42 39 41 46 25 31 23 41 40 18 43 32 31 22 21 34 50 35 6 39 23 23 35 45 16 28 41 37 51 13 19 31 41 31 44 18 18 32 9 24 40 36 4 4 28 41 20 37 34 3 17 51 30 31 36 45 36 45 55 49 39 49 10 15 33 41 37 53 55 41 51 37 41 23 51 43 41 33 24 35 25 13 35 49 15 29 38 40 39 35 57 30
22 40 24 23 45 22 0 44 37 37 46 45 38 7 22 29 35 39 13 37 39 23 1 2 41 46 27 20 46 3 4 42 44 23 35 33 45 50 10 23 29 49 22 52 21 15 39 17 20 44 44 23 22 18 38 24 38 41 22 24 43 22 38 33 43 43 43 51 41 36 41 24 21 17 40 44 48 51 46 43 35 34 9 52 45 40 39 15 34 10 12 27 43 23 36 44 47 35 27 51 28
42 31 33 33 23 46 44 0 39 14 26 19 41 43 30 29 17 9 34 14 30 31 45 44 26 18 30 42 36 46 43 35 2 35 25 35 45 9 40 32 19 54 33 56 32 32 35 41 28 19 47 44 44 32 12 31 17 37 45 35 46 31 29 17 6 24 3 16 37 12 37 42 36 40 5 44 19 17 24 45 14 36 39 22 16 12 22 36 15 39 43 27 18 37 30 23 43 17 28 22 21
41 48 33 17 50 46 37 39 0 27 52 49 5 35 19 38 25 37 32 27 48 20 38 36 49 32 14 41 54 38 34 51 38 34 43 10 53 38 38 32 32 58 17 60 31 30 47 40 24 48 53 44 44 22 36 33 43 49 44 34 10 19 47 32 38 51 38 37 27 34 27 43 36 29 37 52 34 37 51 9 38 11 31 56 50 41 47 28 34 30 41 15 29 37 45 50 55 30 15 37 31
38 36 29 20 29 43 36 14 26 0 32 27 27 33 17 29 4 12 29 3 35 18 37 35 32 13 17 38 42 36 33 40 13 31 29 22 49 16 35 29 17 54 20 57 28 27 39 37 19 27 49 40 40 20 12 29 22 42 41 31 33 18 34 12 14 30 13 18 24 10 24 39 32 28 12 48 16 18 31 32 17 23 29 31 25 18 26 25 13 28 38 14 12 33 35 29 48 9 15 20 19
33 11 25 41 6 39 46 26 53 31 0 9 54 45 39 24 34 23 35 32 11 40 47 46 9 36 41 36 16 48 45 14 25 28 14 49 33 30 39 27 24 43 41 45 28 33 17 35 33 12 35 36 37 38 23 27 12 19 37 27 59 40 11 24 22 4 25 38 54 23 54 30 29 45 22 32 39 38 5 59 18 50 41 20 12 18 10 39 22 43 41 43 35 27 12 5 25 29 42 43 26
34 16 27 37 5 40 44 18 49 25 9 0 50 42 35 24 27 17 33 25 15 36 44 43 11 30 37 37 21 45 42 20 17 29 14 45 34 22 39 28 20 44 37 46 29 32 20 36 29 5 36 38 38 34 16 27 10 22 38 28 55 36 13 20 14 9 17 30 48 17 48 31 30 41 14 33 32 30 7 55 14 46 38 12 3 10 10 36 17 40 42 38 28 28 14 6 28 24 38 35 22
43 50 34 19 52 48 39 41 5 29 54 51 0 36 21 40 27 39 34 29 50 22 40 38 51 34 16 43 56 40 36 52 40 36 45 12 55 40 40 34 34 60 18 62 33 32 49 42 26 50 55 45 46 24 38 34 45 51 46 36 7 21 49 34 40 53 40 38 29 36 29 45 37 31 39 54 36 39 53 8 40 13 33 58 52 43 49 30 36 32 43 16 31 38 46 52 57 32 16 39 33
25 38 23 20 43 25 6 43 34 34 44 43 35 0 20 28 33 38 11 35 38 20 7 5 40 43 24 23 44 8 4 41 42 22 33 30 43 48 14 22 27 48 20 50 20 13 37 21 17 42 43 26 26 15 35 23 37 40 26 23 40 19 37 31 42 42 42 48 38 34 39 27 21 15 38 42 46 48 44 40 34 31 8 50 44 38 37 13 32 6 16 25 41 24 35 43 45 33 25 48 26
27 34 18 4 36 31 22 30 19 18 39 36 21 20 0 23 16 25 17 18 33 2 23 21 35 26 8 27 40 23 19 36 29 20 29 16 39 32 24 17 18 43 4 46 17 16 33 26 10 34 38 29 29 7 22 18 29 35 30 20 26 2 32 18 29 37 28 31 22 21 22 28 21 15 26 38 29 31 38 25 24 16 16 42 36 27 33 14 20 15 27 9 24 22 30 36 41 16 9 32 17
17 18 8 24 22 23 28 28 37 28 22 23 39 27 23 0 31 23 17 28 18 23 29 27 18 33 27 20 24 30 27 20 28 10 10 33 23 34 20 7 15 28 23 31 10 15 17 19 17 22 23 21 21 20 23 6 19 19 22 9 44 23 17 21 27 19 27 38 42 22 42 17 11 28 24 22 36 38 23 43 18 34 23 33 25 23 15 21 18 25 22 28 32 11 14 21 25 25 28 40 14
39 39 30 17 33 44 37 17 23 5 35 31 25 34 18 32 0 15 30 6 39 19 38 36 35 16 14 39 45 37 34 43 17 32 32 20 51 20 36 30 21 55 17 58 29 28 42 38 20 30 50 41 42 21 16 30 25 46 42 32 30 19 37 16 17 33 16 21 21 13 22 40 33 29 16 50 19 22 34 29 20 20 30 35 28 21 30 26 16 29 39 11 14 34 38 32 51 12 12 23 22
37 27 28 28 21 41 39 9 38 14 23 17 39 38 25 24 17 0 29 14 27 25 40 39 23 19 26 37 33 41 37 32 9 30 21 34 41 15 35 27 14 49 28 51 27 27 31 36 22 16 43 39 39 25 5 26 13 34 40 29 45 26 25 10 8 22 8 21 37 6 37 37 31 33 5 40 21 21 22 44 9 35 34 23 17 8 18 29 10 33 38 27 17 32 26 20 39 13 28 26 16
17 28 13 18 35 18 13 34 31 29 34 35 33 11 18 17 28 29 0 30 28 18 13 12 29 38 22 15 34 14 12 31 34 12 23 28 33 40 9 11 19 38 18 40 10 3 27 13 11 33 33 18 18 15 29 12 28 29 19 12 38 17 27 24 33 32 33 43 36 27 36 18 11 18 30 32 41 43 36 38 25 28 8 41 35 30 28 7 24 10 12 22 37 14 25 34 35 26 22 45 18
39 36 31 21 29 44 37 14 27 2 31 27 29 34 18 29 5 12 30 0 35 19 38 36 32 13 18 39 41 38 34 40 13 32 29 23 48 16 36 30 17 54 21 56 29 28 39 38 20 26 49 42 42 21 12 30 22 42 43 32 34 19 33 12 13 30 13 18 25 10 25 41 34 29 12 48 16 18 30 33 17 24 31 31 25 18 26 26 12 30 39 15 11 35 34 29 48 8 16 20 18
26 3 18 34 13 32 39 30 48 35 10 15 49 38 34 18 38 27 27 36 0 34 40 39 6 41 38 29 9 41 38 8 29 20 9 44 26 35 31 20 26 35 34 38 21 26 9 28 27 16 27 29 29 31 28 20 16 10 30 20 54 34 3 28 26 8 29 43 52 27 53 22 22 38 26 24 43 43 13 54 22 45 34 27 18 22 12 32 25 36 33 39 39 20 4 12 16 33 39 47 26
27 34 18 5 37 32 23 31 20 19 39 37 21 20 2 24 17 26 18 19 34 0 23 22 35 27 9 27 40 23 19 36 30 20 29 16 39 33 24 18 18 43 4 46 17 16 33 26 10 35 38 29 29 7 23 18 30 35 30 20 26 1 32 19 30 37 29 32 23 21 23 28 21 15 27 38 30 32 38 26 25 17 16 43 37 28 33 14 21 15 27 10 25 22 30 37 41 17 10 33 17
23 41 25 24 46 22 1 45 37 38 47 46 39 7 23 30 36 40 13 38 40 23 0 2 42 47 28 21 47 2 5 43 45 23 36 34 46 51 11 24 30 50 23 53 22 16 40 18 21 44 45 23 23 19 39 24 39 42 23 24 44 23 39 34 44 44 44 51 42 37 42 25 22 18 41 45 49 52 47 44 36 34 10 52 46 41 39 16 35 10 13 28 44 23 37 45 48 36 28 52 29
21 39 24 22 44 21 2 44 35 36 45 44 37 6 21 28 34 39 12 36 39 22 2 0 41 45 26 19 45 3 3 42 43 22 34 32 44 50 10 22 29 49 21 51 21 14 38 17 19 43 44 22 22 17 37 23 38 41 22 23 42 21 38 32 43 43 43 49 40 35 40 23 21 16 39 43 47 50 45 42 35 32 9 51 45 39 38 14 33 9 12 26 42 22 36 44 46 34 26 50 27
27 6 19 35 11 33 40 26 49 32 7 12 51 39 35 19 35 24 29 32 6 35 41 40 0 37 39 30 12 42 39 11 26 22 9 45 27 32 33 21 24 36 35 39 22 27 11 29 29 13 29 30 31 32 24 21 13 13 31 21 56 35 5 25 23 5 25 39 54 23 54 24 23 40 23 26 40 40 10 55 19 46 35 23 14 19 9 33 22 37 35 40 36 21 6 9 19 30 40 44 24
47 41 38 26 34 51 46 18 32 13 36 32 33 44 28 34 16 17 39 13 40 29 47 45 37 0 23 47 46 47 43 45 17 40 34 28 54 13 45 37 23 59 25 61 36 37 44 46 29 31 54 49 49 31 17 35 27 47 50 40 38 28 38 18 18 35 18 7 29 15 29 47 41 39 17 53 5 7 35 38 22 29 40 35 29 23 31 37 17 39 48 20 4 42 39 34 53 16 20 10 24
32 39 23 6 38 36 27 30 14 18 40 37 16 25 8 28 16 26 22 18 38 9 28 26 40 23 0 32 44 28 24 41 29 25 33 11 43 29 28 22 19 48 6 50 21 20 37 31 14 36 43 34 34 12 24 23 30 40 35 24 21 9 37 19 29 39 29 28 18 22 18 33 26 20 27 42 25 28 39 21 26 11 21 44 37 29 34 19 22 20 31 4 20 27 35 37 45 17 4 28 21
6 30 13 27 36 6 20 42 40 38 35 38 42 23 26 20 37 36 15 39 29 27 21 19 31 46 30 0 35 22 21 32 41 11 25 36 34 47 11 14 26 39 26 41 14 15 29 4 20 37 34 6 5 24 37 15 34 31 5 13 47 26 28 32 41 33 40 51 45 35 45 8 10 31 37 33 49 51 38 46 32 37 21 48 40 37 30 21 31 23 11 31 44 10 26 35 36 35 31 53 26
32 8 24 40 18 38 45 36 54 42 15 22 55 44 40 24 45 34 33 42 9 40 46 45 12 47 44 35 0 47 44 6 35 26 17 50 31 42 37 26 33 41 40 44 27 32 14 34 33 23 32 35 35 37 34 26 23 11 36 26 60 40 10 35 33 14 35 49 58 33 59 28 28 44 32 27 50 50 16 60 29 51 40 32 24 29 18 37 32 42 39 45 45 26 11 17 17 40 45 54 33
24 42 26 23 46 23 3 46 37 37 47 46 38 8 23 30 36 41 14 38 41 23 2 3 43 46 27 22 47 0 5 44 45 24 37 33 46 51 12 24 30 51 23 54 23 17 41 19 20 45 46 24 24 18 39 25 40 43 24 25 44 22 40 34 45 45 45 51 42 37 42 25 23 18 42 45 49 51 48 43 37 34 11 53 47 42 40 17 36 10 14 28 44 24 38 46 48 36 28 52 29
23 39 23 19 43 23 4 43 33 34 44 43 35 4 19 28 32 37 12 34 38 19 5 3 40 42 23 21 44 5 0 41 42 23 33 30 43 47 12 22 26 48 19 50 21 14 38 19 17 42 43 24 24 15 35 23 37 40 24 23 40 19 37 30 42 42 42 47 38 33 38 25 22 14 39 42 45 48 45 39 34 30 8 50 44 39 37 14 32 6 14 24 40 24 35 43 45 32 24 48 25
28 6 20 36 16 34 41 35 50 40 13 20 52 40 36 20 43 32 30 40 8 36 42 41 11 45 40 31 6 43 40 0 34 22 15 46 27 40 34 22 31 37 36 40 23 28 10 30 30 21 28 31 32 33 32 22 21 7 32 22 57 36 9 33 31 12 33 48 55 32 55 25 24 41 31 22 48 48 15 56 27 47 36 31 22 27 16 34 30 38 35 41 44 22 9 16 13 38 41 52 31
41 30 32 32 22 46 44 2 38 13 26 18 40 42 29 28 16 8 34 13 30 30 45 43 26 17 29 41 36 45 42 35 0 34 24 34 44 7 39 32 19 53 32 55 31 32 34 40 27 18 46 43 44 31 11 30 16 37 44 34 45 30 28 16 5 24 2 15 36 11 36 41 36 39 5 44 18 15 23 44 13 35 38 21 15 11 21 35 14 39 43 26 17 36 29 23 42 16 27 20 20
11 21 3 20 28 16 22 35 34 32 27 29 35 22 20 10 30 30 12 32 20 20 23 22 22 39 24 11 27 24 23 23 34 0 16 30 26 40 13 5 20 30 20 33 6 12 20 10 13 28 25 13 14 17 30 6 25 22 14 2 40 20 19 26 33 24 34 44 38 28 39 11 3 24 30 25 42 45 29 40 25 31 19 39 31 29 21 18 24 21 15 25 38 5 17 26 28 29 25 46 19
21 11 14 30 13 27 35 25 43 29 13 14 45 33 29 11 32 22 23 29 10 30 36 34 9 34 33 24 17 36 34 15 25 16 0 40 21 31 27 15 19 31 29 33 16 22 12 23 23 13 23 25 25 27 22 15 10 16 26 15 50 29 8 21 22 10 24 39 48 22 48 18 17 34 22 20 37 39 14 49 16 40 30 24 16 17 6 27 19 31 29 34 33 15 9 12 21 26 34 41 18
38 45 29 13 46 42 34 35 10 23 49 46 12 31 16 34 21 33 28 24 44 16 34 32 46 28 11 38 50 34 30 47 34 31 40 0 49 35 34 28 28 54 13 57 27 27 44 37 21 44 49 40 40 18 32 29 39 46 41 30 17 16 43 28 35 47 34 33 23 31 23 39 32 26 34 48 31 33 48 16 35 2 27 53 46 38 43 25 30 26 38 11 26 33 41 46 51 26 11 34 28
30 26 23 39 33 36 44 46 52 49 32 34 54 42 38 23 49 42 32 49 26 39 45 43 27 54 42 33 31 45 43 27 45 25 21 49 0 51 36 24 37 19 38 23 25 31 19 32 32 33 5 33 34 36 42 25 31 25 34 24 59 38 24 41 43 30 44 58 57 41 57 27 26 43 42 10 56 59 34 58 36 49 39 44 36 38 26 36 39 40 38 43 52 24 22 32 28 46 43 60 36
47 36 39 33 27 52 50 9 38 16 30 22 40 48 32 34 18 12 40 16 36 32 51 49 32 13 30 48 42 51 47 41 7 41 31 35 51 0 46 38 25 59 32 62 37 38 40 46 31 24 52 50 50 35 15 36 23 43 51 40 45 33 34 20 11 30 9 11 37 14 37 48 42 43 11 50 14 11 28 45 19 35 44 26 19 17 27 39 20 43 49 27 15 42 35 28 48 18 27 17 26
12 32 16 24 39 13 10 40 37 36 38 40 39 14 24 21 34 35 9 36 32 24 11 10 33 44 28 11 38 12 12 34 39 13 27 34 37 46 0 15 25 41 24 44 13 9 31 8 17 39 36 13 13 21 35 16 34 33 13 15 44 23 31 30 39 36 39 49 42 33 42 14 12 22 36 36 47 49 40 44 31 34 11 47 41 36 32 14 29 13 4 28 43 13 28 38 39 32 28 51 24
15 21 5 19 27 20 24 31 33 30 27 28 35 23 19 7 29 25 13 31 20 19 25 23 22 35 23 16 26 26 23 23 30 6 15 29 25 36 16 0 16 30 19 33 5 11 20 15 13 26 25 18 18 16 26 1 21 22 19 6 40 19 19 22 29 24 29 40 38 25 38 15 7 24 26 25 38 41 28 39 20 30 19 36 29 25 20 17 20 21 18 24 34 9 17 26 27 26 24 42 15
27 27 18 19 22 31 29 19 32 17 24 21 33 27 18 15 19 13 19 17 26 19 30 28 23 23 20 27 33 30 27 31 18 20 19 28 37 24 25 17 0 42 19 44 17 17 29 26 11 20 37 29 29 16 13 16 14 32 30 20 39 18 24 7 18 22 17 27 33 12 33 28 21 23 14 36 25 28 23 38 10 29 23 28 21 15 18 19 8 22 28 22 21 22 25 21 38 12 21 29 3
34 36 27 43 43 40 48 54 57 54 42 44 58 47 43 28 53 48 36 54 36 43 49 47 37 59 47 38 42 50 47 38 53 29 31 53 19 59 40 29 42 0 43 7 30 35 31 37 36 44 18 38 38 40 49 29 41 37 39 28 63 42 35 46 52 40 53 63 61 48 61 31 31 47 49 24 61 64 44 63 43 54 43 54 46 48 36 40 44 44 42 47 57 29 32 42 41 51 47 65 41
27 34 18 1 38 31 22 33 16 21 40 37 18 20 4 24 19 28 18 21 33 4 23 21 35 25 6 27 40 23 19 36 32 20 29 13 39 32 24 17 18 43 0 46 17 16 33 26 10 36 38 29 29 7 25 18 30 35 30 20 23 4 32 20 32 37 31 30 20 23 21 28 21 15 29 38 28 31 39 23 27 13 16 44 38 30 33 14 22 15 27 7 23 22 30 37 41 19 6 31 17
36 39 29 45 45 43 50 56 59 56 44 47 61 49 45 30 55 51 39 56 38 45 51 50 40 61 49 40 44 52 49 41 55 31 33 55 23 61 43 31 44 7 45 0 32 37 34 39 39 46 22 40 40 42 51 31 43 39 41 31 66 45 37 48 54 42 55 66 64 50 64 33 33 50 52 26 64 66 47 65 46 56 45 57 48 50 39 43 46 47 44 50 60 31 35 44 44 53 50 68 43
14 21 5 17 28 19 20 31 30 28 27 29 32 19 16 11 27 26 8 29 21 16 21 20 22 36 20 14 27 22 19 23 31 6 16 26 26 37 13 5 16 30 16 33 0 8 20 13 10 28 25 16 16 14 26 5 24 22 17 6 37 16 19 22 30 25 30 41 35 25 35 15 7 21 27 25 39 41 29 36 22 27 15 38 31 27 21 14 21 17 16 21 34 9 17 27 28 25 21 43 16
17 27 11 16 33 18 15 32 30 28 32 33 31 14 16 16 26 27 3 28 26 16 16 15 28 37 20 15 32 17 14 29 32 11 22 26 31 38 9 10 17 36 16 39 9 0 26 13 9 31 31 18 18 13 27 11 26 28 19 12 36 16 25 23 31 30 31 41 34 26 34 18 11 19 28 31 39 42 34 36 23 27 10 39 33 28 26 10 22 12 12 21 35 14 23 32 33 25 20 43 16
24 8 16 32 18 30 37 34 46 38 15 19 47 36 32 16 41 31 25 38 8 32 38 37 11 43 36 27 13 39 36 10 33 18 11 42 19 39 30 18 28 31 32 34 19 24 0 26 25 20 21 27 27 29 31 18 19 8 28 18 52 32 7 30 30 13 32 47 50 30 51 21 20 36 30 17 46 47 18 52 25 43 32 31 21 26 14 30 28 34 31 37 42 18 5 17 14 35 37 50 27
6 29 13 25 36 9 17 40 39 37 35 37 41 21 25 18 35 35 13 37 28 25 18 17 30 45 29 4 34 19 19 31 39 10 24 35 34 46 8 13 25 38 25 40 12 13 28 0 19 36 33 7 7 22 35 14 33 30 7 12 46 25 27 31 39 32 39 49 44 34 44 8 9 29 36 33 47 50 37 45 31 36 19 47 39 36 29 19 30 20 10 30 43 9 25 34 36 34 30 51 24
21 27 12 10 30 25 19 28 24 20 32 29 25 17 10 17 19 22 11 21 27 10 20 19 29 29 14 21 33 20 17 30 27 13 22 20 32 32 17 11 10 37 10 39 10 9 26 19 0 28 32 23 23 7 20 12 23 29 24 13 30 10 26 15 27 30 26 34 28 18 28 22 15 15 23 31 32 34 31 30 19 21 14 36 30 24 26 9 16 12 20 15 27 16 24 30 34 17 15 36 9
33 16 25 36 9 39 43 18 48 25 11 5 49 41 34 22 28 17 33 25 15 35 44 42 12 30 36 36 22 44 41 20 17 27 12 44 33 23 38 27 19 42 36 45 27 31 20 35 28 0 34 36 36 33 17 25 7 22 37 27 55 35 14 19 15 10 17 31 48 17 48 29 29 40 14 32 32 31 10 54 13 45 37 14 5 11 8 35 17 39 40 38 29 27 15 9 28 24 37 37 21
29 28 23 39 35 36 44 47 52 49 34 36 54 42 38 23 49 44 32 49 27 39 44 43 29 54 42 33 33 45 42 28 47 25 23 48 5 53 36 24 37 18 38 22 25 30 21 32 32 35 0 33 33 36 44 24 32 27 34 24 59 38 26 42 45 32 46 59 57 43 57 26 26 43 44 13 57 59 36 58 37 49 38 46 38 40 28 36 39 40 38 43 53 24 24 34 30 46 43 61 36
6 30 15 29 37 4 22 44 42 40 36 38 44 26 28 21 39 38 18 41 30 29 23 22 31 48 32 6 36 24 24 32 43 13 25 39 34 49 13 16 29 38 28 41 16 18 29 7 22 38 33 0 3 26 39 17 35 31 4 15 49 28 29 34 43 34 42 53 47 37 47 8 13 33 39 34 51 53 38 48 35 39 24 48 40 39 30 24 33 26 15 33 46 12 26 36 37 37 33 55 28
6 30 15 29 37 4 22 44 42 41 36 38 44 26 29 21 39 39 18 41 30 29 23 22 31 48 33 5 36 24 24 33 43 14 25 39 35 49 13 17 29 39 29 41 16 18 29 7 22 38 34 3 0 26 39 17 35 31 2 15 49 28 29 35 43 34 43 53 47 37 47 8 13 33 39 34 51 53 38 49 35 39 23 49 40 39 30 23 33 25 14 33 47 12 27 36 37 37 33 55 28
24 31 16 8 35 29 18 31 21 21 37 35 23 16 7 21 20 25 15 22 31 8 19 17 32 30 12 25 37 19 15 34 30 17 26 18 36 35 21 15 16 41 7 43 14 13 30 23 7 33 36 27 27 0 22 16 28 32 28 17 28 7 30 18 30 35 29 35 26 21 26 26 19 10 26 35 33 35 37 28 24 18 12 41 35 28 30 11 20 11 24 12 28 20 28 35 38 20 12 35 14
37 27 28 26 21 41 38 11 36 11 23 17 37 36 22 24 14 4 29 11 27 23 39 37 23 16 24 37 33 39 35 31 10 30 21 32 41 16 35 27 13 49 25 51 27 27 31 36 19 17 43 39 39 23 0 26 13 34 40 29 42 24 25 8 10 21 10 20 34 2 34 37 31 31 6 40 19 20 22 42 9 33 32 23 17 8 18 27 8 31 38 24 15 32 26 20 39 11 25 23 14
15 20 4 19 26 20 23 30 32 30 26 28 34 22 18 6 28 25 12 30 20 18 24 23 22 35 22 15 26 25 22 23 30 6 15 28 25 36 16 3 15 30 18 32 5 10 19 14 12 26 25 17 18 15 25 0 21 22 18 6 39 18 19 21 29 24 29 40 37 24 37 15 7 23 26 24 38 40 28 38 20 29 18 36 28 25 20 16 20 20 18 23 33 8 17 25 27 26 23 42 15
29 15 21 32 11 35 39 17 44 23 13 11 46 37 30 18 25 15 29 23 14 31 40 38 11 28 32 32 20 40 37 19 17 23 8 40 29 23 35 23 15 38 32 41 23 27 18 31 24 9 30 32 32 29 15 21 0 21 33 23 51 31 12 16 15 10 16 31 45 14 45 26 25 36 14 28 30 31 12 50 10 41 33 19 12 10 5 31 13 35 36 34 26 23 13 11 27 21 34 34 17
26 9 19 35 21 33 40 37 49 41 18 22 50 39 35 18 44 34 28 41 10 35 41 40 14 46 39 30 12 42 39 7 36 21 14 45 25 42 32 21 30 36 35 39 22 27 9 29 28 24 27 30 30 32 34 21 22 0 31 21 55 35 11 33 34 16 36 50 53 33 53 23 23 39 33 20 49 50 19 55 28 46 35 34 25 29 17 32 31 37 34 40 45 21 9 19 12 38 39 53 30
7 31 16 30 38 3 22 45 43 41 37 39 45 26 29 22 40 39 19 42 31 30 23 22 32 49 33 5 37 24 24 33 44 14 26 40 35 50 13 17 29 39 29 42 17 18 30 7 23 38 34 4 2 27 40 18 36 32 0 16 50 29 29 35 44 35 43 54 48 38 48 9 14 34 40 35 52 54 39 49 35 40 23 49 41 40 31 24 34 25 14 34 47 13 27 37 38 38 34 56 29
12 20 2 20 27 17 23 34 34 32 26 28 35 23 20 9 30 29 12 32 19 20 24 23 21 39 24 13 26 25 24 22 34 2 15 30 25 40 14 5 20 29 20 32 6 12 19 12 13 27 24 15 15 17 29 6 24 21 16 0 40 19 18 26 33 24 33 44 38 28 38 12 4 24 30 24 42 45 28 40 24 31 20 38 30 29 20 17 24 21 16 25 38 5 16 26 27 29 24 46 19
49 56 40 24 57 53 44 46 10 34 60 57 7 42 27 45 32 44 39 35 55 27 45 43 57 39 21 49 61 45 41 58 45 42 50 18 60 45 45 39 39 65 24 67 38 37 54 48 31 55 60 51 51 29 43 40 50 57 52 41 0 27 54 39 46 58 45 44 34 42 34 50 43 37 44 59 42 44 59 13 45 18 38 63 57 48 54 36 41 37 48 22 37 44 52 57 62 37 22 44 39
27 34 18 4 37 31 22 31 19 19 39 37 21 20 2 23 17 26 17 19 33 1 23 21 35 27 9 27 39 23 19 36 30 20 28 15 38 33 23 17 18 43 4 45 16 16 33 26 10 35 38 29 29 7 23 18 30 35 30 19 26 0 32 19 30 37 30 32 23 22 23 28 21 14 27 37 30 32 39 25 26 16 16 44 37 28 33 14 21 15 26 9 25 22 30 37 40 17 9 33 17
24 4 17 33 12 30 38 28 46 34 10 14 48 36 33 16 37 26 26 34 3 33 39 37 5 39 37 27 10 39 37 9 27 19 8 43 24 34 30 18 24 34 32 36 19 25 8 27 26 15 26 28 28 30 26 19 15 10 29 18 53 32 0 27 25 8 27 41 51 25 51 21 20 37 25 23 42 42 13 52 21 43 33 25 16 21 10 30 24 34 32 37 37 18 3 11 16 32 37 46 24
33 28 24 21 22 37 33 16 32 12 24 21 34 31 18 21 15 11 25 13 28 19 34 33 25 17 20 33 34 34 31 33 16 25 21 28 41 21 31 23 7 46 21 49 22 23 31 31 15 20 41 35 35 18 8 21 14 35 36 25 39 19 26 0 15 23 15 22 33 7 33 34 27 26 12 40 20 23 23 38 9 29 27 28 21 13 19 23 5 26 34 22 16 28 27 21 40 8 22 24 9
41 27 31 32 20 45 43 6 38 13 22 15 40 42 29 27 16 8 33 13 26 30 44 43 22 18 29 41 32 45 42 31 5 33 21 34 41 11 39 30 18 51 32 53 31 31 31 40 27 15 43 43 43 31 11 29 13 33 44 33 45 30 25 16 0 20 4 19 36 11 36 38 34 38 4 40 20 19 21 44 13 35 38 19 13 8 18 35 14 38 42 26 17 35 25 19 39 16 27 24 20
30 8 22 38 6 36 43 24 51 30 3 9 53 42 37 20 32 22 31 30 8 38 44 42 5 35 39 33 13 45 42 12 23 24 10 47 30 29 36 24 22 39 38 42 25 30 14 32 30 11 31 33 33 35 22 24 11 16 34 24 58 38 8 23 21 0 23 37 52 21 53 27 26 42 20 29 37 37 6 57 17 48 38 21 12 17 6 36 20 39 37 41 33 24 9 5 22 28 41 41 24
41 30 32 32 23 45 43 3 38 13 25 18 39 42 29 27 15 8 33 13 29 29 44 43 26 18 29 41 35 45 42 34 2 34 24 34 44 9 39 31 18 52 31 55 30 31 33 40 27 18 45 43 43 30 11 29 16 36 44 33 44 30 28 16 4 24 0 16 36 11 36 41 35 38 4 43 20 17 24 44 12 35 38 22 16 10 20 34 13 38 42 26 16 35 29 22 42 15 26 22 20
53 44 44 32 35 57 52 17 38 19 39 31 39 50 34 40 22 18 45 19 44 35 53 51 40 8 29 53 50 53 49 49 16 46 38 34 58 12 51 43 29 65 31 67 42 43 48 52 35 33 60 55 55 37 21 41 30 51 56 46 44 34 42 24 20 38 17 0 32 21 32 53 47 44 19 57 4 1 36 44 26 35 46 34 28 25 35 43 23 45 54 26 9 48 43 36 56 22 26 7 30
46 53 37 21 52 51 42 37 27 25 54 50 29 39 23 43 23 35 37 26 53 24 43 41 53 30 18 46 59 42 39 55 36 39 48 23 58 36 43 37 33 62 21 65 36 35 52 45 29 49 58 48 49 27 35 37 44 54 49 39 34 23 51 33 37 52 36 33 0 33 4 47 40 34 35 57 29 33 53 33 40 24 36 54 48 41 48 33 35 34 46 15 26 41 49 51 60 31 16 31 34
36 27 27 25 20 40 36 12 34 10 23 18 36 34 21 23 12 5 28 10 26 22 37 36 23 15 23 36 33 38 34 31 11 29 21 31 41 16 34 26 12 48 24 50 25 26 30 35 18 18 42 38 38 21 3 24 13 33 39 29 41 22 25 7 11 21 11 19 33 0 33 36 30 29 7 40 17 20 22 41 8 31 31 24 18 9 18 26 6 30 37 23 13 31 26 20 39 10 23 21 13
47 54 38 21 52 51 42 38 28 25 54 51 29 40 23 43 24 36 37 26 53 24 43 41 54 30 18 47 59 43 39 56 37 40 48 24 58 37 43 37 34 63 21 65 36 35 52 46 29 50 58 49 49 27 36 38 44 55 50 39 34 24 52 33 37 53 36 33 4 33 0 48 41 35 36 57 29 33 53 34 40 24 36 55 48 42 49 34 36 35 46 15 27 42 50 52 60 32 16 32 35
4 25 12 29 32 10 24 43 42 40 31 33 44 28 28 17 38 37 18 41 25 28 25 24 26 48 32 8 31 26 26 27 42 11 20 38 28 48 15 14 28 32 28 34 15 18 24 9 22 33 27 8 8 25 38 15 30 26 9 13 49 28 24 34 41 29 41 52 47 37 47 0 11 33 38 27 50 53 33 48 32 39 25 43 35 37 25 25 33 27 16 33 46 9 21 31 32 37 33 54 27
10 22 6 21 29 15 21 36 35 33 28 30 36 21 21 11 31 31 11 33 22 21 22 20 23 40 25 11 28 23 22 24 35 3 17 31 27 42 12 6 21 32 21 34 7 11 21 10 14 30 27 13 13 18 31 7 27 23 14 5 41 21 21 27 34 26 35 45 39 29 40 10 0 25 32 26 43 45 30 41 26 32 18 40 32 30 22 18 25 20 14 26 39 5 19 28 29 30 26 47 20
25 32 16 13 37 28 12 35 27 26 38 37 28 10 13 22 24 30 11 27 32 13 13 11 33 36 17 25 38 13 9 34 34 18 27 23 37 40 16 16 18 41 13 44 15 13 31 23 9 36 36 27 27 8 27 16 30 33 28 18 33 12 30 22 34 36 34 41 31 25 32 26 19 0 31 36 39 41 38 33 27 24 6 44 38 32 31 7 24 5 19 18 34 20 28 37 39 24 18 41 17
37 27 29 30 20 42 40 6 37 12 22 16 39 38 27 24 15 5 30 12 26 28 41 39 23 17 28 38 33 42 39 31 5 31 21 33 41 11 36 28 15 49 30 52 27 28 30 36 23 15 43 40 40 27 7 26 13 33 41 30 44 28 25 12 4 21 4 19 35 8 35 38 32 35 0 40 19 19 21 43 9 34 35 22 15 8 18 31 10 35 39 25 16 32 26 19 39 15 26 24 16
30 25 22 38 32 36 43 45 52 48 32 34 54 42 38 22 48 42 32 48 24 38 44 43 27 53 42 33 27 45 42 22 45 24 21 48 11 51 36 24 36 24 38 26 25 30 18 32 32 33 12 33 34 35 42 24 30 20 34 24 59 38 24 41 42 29 44 58 57 41 57 27 26 43 42 0 56 58 34 58 35 49 38 44 36 37 26 36 38 40 38 43 52 24 22 31 21 45 43 60 35
50 43 41 28 37 54 49 20 34 16 39 33 36 46 30 37 19 19 42 16 43 31 50 48 40 5 25 50 49 49 46 48 18 42 37 31 56 14 48 40 26 62 28 64 39 40 47 48 32 33 56 52 52 34 20 38 29 50 53 42 41 31 41 20 20 38 20 5 29 18 29 50 44 41 19 55 0 5 38 40 25 31 43 37 30 26 34 39 20 41 51 22 6 45 42 36 55 19 23 7 27
53 45 44 32 35 57 53 17 38 19 39 31 39 50 34 40 22 19 45 19 44 35 53 51 41 8 29 53 50 53 49 49 16 46 38 34 59 12 51 43 29 65 32 67 43 43 48 52 35 33 60 55 55 37 21 42 31 51 56 46 45 34 42 24 20 39 17 1 32 21 32 53 47 45 19 58 4 0 36 44 26 35 46 35 28 25 35 43 23 45 54 26 9 48 43 36 57 22 27 7 30
34 12 26 40 3 40 45 23 51 30 4 7 53 44 37 24 33 22 35 30 12 38 46 45 10 35 40 37 16 47 44 15 23 29 14 48 34 28 40 28 23 44 39 46 29 33 18 36 31 11 36 37 38 37 22 27 11 19 38 28 58 39 12 23 20 6 22 35 53 21 53 31 30 44 20 33 38 36 0 58 17 48 40 17 9 16 10 38 20 42 42 41 34 28 13 5 26 28 41 41 24
48 55 39 24 57 52 44 46 10 33 59 56 8 41 26 45 32 44 39 34 54 26 45 43 56 38 21 48 61 44 41 57 45 41 50 17 60 45 45 39 38 64 23 67 38 37 54 47 31 55 59 50 50 29 43 39 49 56 51 41 13 26 53 38 45 58 44 43 33 41 34 49 42 36 44 59 41 43 58 0 45 18 37 63 56 48 53 35 41 36 48 21 36 43 51 56 62 37 21 44 38
32 22 23 27 16 37 35 14 38 16 18 15 40 34 24 18 19 9 25 16 22 25 36 35 18 21 26 33 28 37 34 26 13 25 16 34 36 19 31 22 11 43 27 46 22 23 26 32 19 14 37 35 35 24 9 20 8 29 36 24 45 25 20 9 12 16 13 26 39 8 39 32 26 32 10 35 24 26 17 44 0 35 30 22 15 8 13 27 6 31 34 28 20 26 21 15 34 14 28 28 12
39 45 30 14 47 43 34 36 11 24 49 47 13 32 16 35 22 34 29 24 45 17 35 33 47 29 11 39 51 35 31 48 35 31 40 2 50 35 35 29 29 55 14 57 28 27 44 37 21 45 50 41 41 19 33 30 40 47 42 31 18 16 44 29 35 48 35 34 24 31 24 40 33 26 34 49 32 34 48 17 35 0 28 53 47 38 44 26 31 27 38 12 27 34 42 47 52 27 12 34 28
23 35 19 16 39 23 9 39 30 31 40 39 32 8 16 24 29 34 7 31 34 16 10 9 36 39 20 21 40 11 8 37 38 18 29 26 39 44 11 18 23 44 16 46 17 10 33 19 14 38 39 24 24 12 32 19 33 36 23 19 37 16 33 27 38 38 38 44 35 30 35 24 18 11 35 38 42 44 41 36 30 27 0 46 40 34 33 10 28 4 14 21 37 20 31 39 41 29 21 45 22
45 27 37 45 17 51 52 22 56 32 19 12 58 50 43 34 34 24 41 32 27 44 52 51 23 35 44 48 32 53 50 30 21 40 25 52 45 26 47 38 28 55 45 57 38 40 31 47 37 14 47 48 49 42 23 36 18 34 49 39 63 44 25 28 20 21 22 33 55 24 55 42 41 49 21 44 37 34 17 62 22 53 46 0 10 17 21 44 25 48 50 45 35 39 26 18 39 31 45 39 30
36 18 29 38 8 42 44 16 49 25 11 3 51 43 35 26 28 17 34 25 17 36 45 44 14 29 38 39 24 46 43 22 15 31 16 46 36 19 40 30 21 46 37 48 31 32 22 38 29 6 38 40 40 35 17 29 10 24 41 30 56 37 16 21 13 12 16 27 48 18 48 33 32 42 15 35 30 27 9 56 15 46 39 10 0 11 12 37 18 41 43 38 29 30 17 9 30 25 39 32 23
36 22 26 32 16 41 39 11 42 18 18 11 44 37 29 22 21 10 29 18 22 30 40 38 18 23 30 36 28 41 38 27 10 28 16 38 37 16 35 25 15 46 31 48 26 27 26 35 23 11 38 39 39 28 9 24 9 29 40 28 49 30 20 14 8 16 10 24 41 10 41 33 29 36 7 36 25 24 17 48 8 39 34 17 11 0 13 31 11 35 38 31 22 30 21 15 35 17 32 30 16
26 12 19 34 10 32 38 23 47 27 10 11 48 37 33 16 30 20 28 27 12 34 39 38 8 32 35 29 18 40 37 16 22 21 6 43 26 28 32 20 18 36 33 38 21 27 16 28 26 9 28 30 30 31 20 20 8 19 31 20 54 33 10 20 19 8 21 36 48 19 48 23 22 38 19 25 35 36 11 53 14 44 33 20 12 15 0 31 17 35 34 37 31 20 11 9 24 25 36 39 20
23 32 16 14 37 23 15 35 28 26 38 37 29 13 14 22 24 30 6 27 32 14 16 14 33 36 18 21 38 16 13 34 35 17 27 24 37 40 14 16 18 42 14 44 15 9 31 18 9 36 37 23 23 11 27 16 31 33 24 18 34 14 30 22 34 36 34 41 32 25 33 23 17 13 31 36 39 42 39 34 27 25 9 44 38 32 31 0 24 11 17 19 34 19 28 37 39 24 19 42 17
32 27 23 22 20 36 33 16 33 13 22 19 35 32 19 19 16 10 24 13 26 20 34 33 23 18 21 32 32 35 31 31 15 25 19 29 39 21 30 22 7 44 22 47 22 22 29 31 15 18 39 34 34 19 8 21 13 33 35 24 40 20 24 4 15 21 14 22 34 7 35 33 26 27 11 38 20 23 21 39 7 30 28 26 20 13 17 23 0 27 33 23 16 27 25 20 38 9 23 24 8
25 36 20 15 41 25 10 39 29 29 42 41 31 7 15 26 28 33 9 30 36 15 11 9 37 38 19 23 42 10 7 38 38 20 31 25 41 43 13 20 22 45 15 48 19 12 35 20 13 40 40 26 25 11 31 20 34 37 25 21 36 14 34 26 38 39 38 43 34 29 34 26 20 10 34 40 41 43 42 35 31 26 4 48 41 36 35 11 28 0 15 20 36 22 32 41 43 28 20 44 21
13 33 16 26 39 12 11 42 39 37 39 41 41 14 25 22 36 36 10 38 32 25 12 10 34 46 29 10 38 12 12 35 41 14 28 35 37 47 2 15 27 42 25 44 14 10 32 8 19 40 37 14 13 22 37 16 35 34 13 15 46 25 31 32 41 36 41 51 44 35 44 15 13 22 37 37 49 51 41 45 33 36 12 49 42 37 33 16 31 14 0 30 45 13 29 38 39 34 30 53 26
32 39 23 7 40 36 28 27 14 15 42 39 16 25 9 28 13 25 23 15 38 10 29 27 40 20 4 32 45 28 25 41 26 25 34 11 44 26 29 22 21 48 6 51 22 21 38 31 15 37 43 34 34 13 25 23 32 40 35 25 21 9 37 21 26 40 26 25 15 23 15 33 26 20 25 43 22 25 41 20 28 11 21 44 38 31 36 19 23 20 32 0 17 27 35 39 46 19 1 25 22
45 39 37 24 33 50 44 17 29 12 35 30 31 41 26 32 14 15 37 12 39 26 45 43 35 4 20 45 45 45 41 43 17 38 32 26 52 15 43 36 21 57 23 60 35 36 42 44 27 30 52 47 48 29 16 34 25 46 48 38 36 26 37 16 17 33 16 9 25 13 25 46 39 36 16 51 6 9 34 36 20 26 38 35 28 21 30 34 16 37 47 17 0 40 38 32 51 14 18 9 23
9 21 5 23 28 15 22 37 36 34 27 29 38 24 22 11 33 31 14 35 20 23 23 22 22 42 26 10 26 24 24 23 36 5 16 33 26 42 13 8 22 30 22 32 9 14 20 9 16 28 25 12 12 20 32 8 25 22 13 5 43 22 19 28 35 24 36 47 41 31 41 9 6 27 32 25 45 47 29 42 26 33 21 39 31 31 21 20 27 23 15 27 40 0 17 26 28 31 27 48 22
22 5 15 31 13 28 36 29 44 35 11 15 46 35 31 14 38 27 24 35 5 31 37 35 6 40 35 25 11 38 35 9 28 17 9 41 22 35 28 16 25 32 31 34 17 23 6 25 24 16 24 26 26 28 27 17 16 8 27 16 51 30 3 28 26 9 28 42 49 26 49 19 19 35 26 21 43 43 14 51 22 41 31 26 17 22 11 28 25 32 30 35 38 16 0 12 14 33 35 47 25
31 12 24 37 4 37 43 22 49 28 5 6 51 41 35 21 30 20 33 28 12 36 44 42 9 33 37 34 17 44 41 16 21 26 11 45 31 27 37 26 20 41 37 43 26 31 17 34 29 9 33 35 35 34 20 25 9 19 36 25 56 36 11 21 19 5 21 34 50 19 51 28 28 42 18 30 36 35 6 55 15 46 37 17 8 15 8 35 18 39 39 39 31 25 12 0 25 26 39 40 22
32 16 25 41 27 38 46 42 54 46 24 28 56 44 40 24 49 39 34 47 16 41 47 45 20 52 44 35 17 47 45 13 42 27 20 51 28 48 38 26 36 42 40 44 27 32 14 34 34 29 30 36 36 38 39 27 27 12 37 26 61 40 16 39 39 22 41 55 59 39 59 29 28 45 39 21 54 56 26 60 33 51 41 39 30 34 23 38 36 42 40 45 50 26 14 26 0 43 45 58 36
36 32 27 19 26 41 35 17 30 8 28 25 31 33 16 25 11 13 27 8 32 17 36 34 29 16 18 36 38 36 32 37 16 29 25 26 45 19 33 27 12 50 20 53 26 25 35 35 17 24 45 38 38 20 11 26 18 38 39 29 36 17 30 7 16 27 15 20 31 9 31 37 30 27 14 44 18 21 27 36 13 26 29 31 24 16 23 24 9 28 36 19 14 31 31 25 44 0 19 22 13
32 39 23 7 39 36 28 28 14 16 42 39 16 25 9 28 14 26 23 16 38 10 29 27 40 20 4 32 45 28 25 41 27 25 34 11 44 27 29 22 21 48 6 51 22 21 38 31 15 37 43 34 34 13 26 23 32 40 35 25 21 9 37 21 27 40 26 25 15 24 15 33 26 20 26 43 23 26 41 20 28 11 21 45 38 31 36 19 23 20 32 2 18 27 35 39 46 19 0 26 22
54 47 45 31 40 58 52 22 37 20 43 35 39 49 33 41 23 23 46 20 47 34 53 51 44 10 28 54 53 52 49 52 20 46 41 33 60 17 52 44 30 66 31 68 43 44 51 52 36 37 60 56 56 37 24 42 33 54 57 46 44 34 45 24 24 42 22 8 31 22 31 54 48 44 23 59 7 8 41 43 29 34 45 39 32 30 38 42 24 44 55 25 10 49 46 40 59 23 26 0 31
26 27 17 18 24 31 28 21 32 19 26 23 33 26 18 15 21 16 18 19 26 18 29 28 23 24 22 26 33 29 26 31 21 19 18 28 36 27 24 17 4 41 18 44 16 17 28 25 10 22 36 28 28 15 15 15 16 32 29 19 38 18 24 9 20 24 20 29 35 13 35 27 20 23 17 35 27 30 25 38 13 29 23 30 24 18 19 18 10 22 27 23 23 21 25 23 37 14 23 31 0
EOF