NAME: pdptw-n20-ber2
LOCATION: Berlin
COMMENT:  ber20-1
TYPE: PDPTW
SIZE: 21
DISTRIBUTION: cluster-random (5 / 1.2)
DEPOT: random
ROUTE-TIME: 800
TIME-WINDOW: 180
CAPACITY: 100
NODES
0 52.58542500 13.42875190 0 0 800 0 0 0
1 52.56841130 13.36713020 20 0 800 5 0 11
2 52.49451140 13.40432000 28 507 687 5 0 12
3 52.51639320 13.56111140 58 293 473 5 0 13
4 52.49510120 13.34046540 44 485 665 5 0 14
5 52.49992880 13.31512020 14 371 551 5 0 15
6 52.48081850 13.43819700 10 504 684 5 0 16
7 52.49340070 13.35493210 22 181 361 5 0 17
8 52.57119200 13.38505340 31 430 610 5 0 18
9 52.56420160 13.35395680 13 333 513 5 0 19
10 52.62866160 13.38608230 59 220 400 5 0 20
11 52.41401000 13.66982140 -20 0 800 5 1 0
12 52.60935570 13.43790420 -28 546 726 5 2 0
13 52.56763480 13.36502650 -58 328 508 5 3 0
14 52.44780870 13.47347360 -44 508 688 5 4 0
15 52.59379280 13.39503470 -14 409 589 5 5 0
16 52.56272530 13.46303870 -10 531 711 5 6 0
17 52.50253770 13.40700350 -22 197 377 5 7 0
18 52.49365150 13.31416950 -31 462 642 5 8 0
19 52.51579670 13.55970880 -13 551 731 5 9 0
20 52.58911870 13.36772150 -59 237 417 5 10 0
EDGES
0 11 19 24 25 26 25 26 8 13 12 47 6 12 34 7 8 18 27 24 11
11 0 19 33 19 18 24 20 5 4 16 52 16 1 31 10 16 17 20 33 7
20 18 0 23 11 13 7 9 20 19 29 37 25 18 15 23 17 3 14 23 23
26 31 23 0 31 32 22 30 29 31 36 31 30 30 28 32 19 21 34 1 33
25 19 10 32 0 5 15 5 21 18 32 40 31 18 18 26 24 12 5 33 24
26 18 13 33 6 0 17 9 21 17 32 41 31 18 19 26 24 14 3 33 23
25 24 7 23 15 17 0 13 26 24 34 31 31 23 10 28 22 8 17 23 29
27 21 9 31 5 8 13 0 23 19 34 40 32 20 17 28 24 11 8 31 25
8 5 20 29 21 21 26 22 0 6 12 51 12 5 33 6 13 19 22 29 5
13 4 19 33 18 17 25 19 6 0 17 52 17 4 30 11 17 17 18 33 7
12 16 29 35 31 31 34 32 13 17 0 59 12 16 44 8 19 28 33 36 12
50 51 37 30 40 42 32 40 51 52 60 0 54 51 28 54 43 37 41 30 54
6 15 25 30 31 31 30 32 13 17 12 53 0 16 40 10 13 24 33 30 14
12 1 18 32 19 18 24 20 5 4 16 51 16 0 31 10 17 17 19 33 7
33 31 14 29 18 19 10 17 33 30 42 27 38 31 0 36 29 16 18 29 36
7 10 23 31 25 26 28 26 8 11 8 54 9 10 38 0 14 22 27 31 5
9 16 17 18 24 25 22 24 12 16 20 42 14 15 29 15 0 16 26 19 16
19 17 3 22 12 13 9 11 19 17 28 38 24 16 17 22 17 0 15 23 22
27 19 14 35 5 3 18 8 22 18 33 40 32 19 18 26 26 15 0 35 23
25 30 22 2 31 32 22 30 29 31 35 31 29 30 28 32 18 21 33 0 32
11 7 24 33 24 23 29 25 5 7 13 55 14 7 36 6 16 22 23 33 0
EOF