NAME: pdptw-n20-ber2
LOCATION: Berlin
COMMENT:  ber20-1
TYPE: PDPTW
SIZE: 101
DISTRIBUTION: cluster-random (10 / 1.2)
DEPOT: random
ROUTE-TIME: 5000
TIME-WINDOW: 240
CAPACITY: 100
NODES
0 52.41426570 13.27374770 0 0 5000 0 0 0
1 52.59606910 13.21796230 18 4176 4416 5 0 51
2 52.44773870 13.37544080 17 2139 2379 5 0 52
3 52.41397190 13.51231760 55 0 5000 5 0 53
4 52.61757980 13.23303160 33 1588 1828 5 0 54
5 52.44312450 13.49516640 52 0 5000 5 0 55
6 52.57728790 13.32109130 31 210 450 5 0 56
7 52.57353470 13.32537070 11 338 578 5 0 57
8 52.48703060 13.43424000 38 4782 5000 5 0 58
9 52.56759840 13.40040070 20 1899 2139 5 0 59
10 52.58048270 13.39369800 12 0 5000 5 0 60
11 52.41703170 13.35276990 26 3702 3942 5 0 61
12 52.57888290 13.28746480 31 1802 2042 5 0 62
13 52.54764070 13.40132790 48 2258 2498 5 0 63
14 52.56615120 13.41450110 18 4664 4904 5 0 64
15 52.44258930 13.34898340 31 4382 4622 5 0 65
16 52.61762610 13.24142810 39 2933 3173 5 0 66
17 52.45146420 13.37049010 26 3997 4237 5 0 67
18 52.58200820 13.33659930 45 677 917 5 0 68
19 52.60595240 13.23414070 36 2090 2330 5 0 69
20 52.62472320 13.23571310 31 2072 2312 5 0 70
21 52.49352800 13.41195760 38 2876 3116 5 0 71
22 52.40837490 13.49883010 19 268 508 5 0 72
23 52.47616710 13.38304990 17 0 5000 5 0 73
24 52.42434670 13.49949030 20 3912 4152 5 0 74
25 52.49013420 13.44274910 59 570 810 5 0 75
26 52.46293880 13.38504630 37 3139 3379 5 0 76
27 52.46009460 13.37413100 45 0 5000 5 0 77
28 52.55337620 13.40480390 35 4175 4415 5 0 78
29 52.55905930 13.38876530 35 163 403 5 0 79
30 52.60975000 13.23662420 39 2225 2465 5 0 80
31 52.44254670 13.50158470 43 4319 4559 5 0 81
32 52.40105910 13.55311940 57 3770 4010 5 0 82
33 52.41492760 13.50190900 47 2701 2941 5 0 83
34 52.47046100 13.44121490 37 887 1127 5 0 84
35 52.62502310 13.23136850 34 3638 3878 5 0 85
36 52.43407710 13.34033520 16 2860 3100 5 0 86
37 52.44512910 13.35976760 41 3932 4172 5 0 87
38 52.41202350 13.36351340 25 2575 2815 5 0 88
39 52.48935440 13.44308240 39 3709 3949 5 0 89
40 52.44937140 13.38529250 49 1451 1691 5 0 90
41 52.56350500 13.33574500 38 3891 4131 5 0 91
42 52.49860930 13.58124100 46 2399 2639 5 0 92
43 52.45218340 13.54255110 16 1259 1499 5 0 93
44 52.59694850 13.36828420 32 3352 3592 5 0 94
45 52.49638650 13.39111020 42 2679 2919 5 0 95
46 52.53262370 13.46130470 49 4011 4251 5 0 96
47 52.54272530 13.56928130 34 2073 2313 5 0 97
48 52.63509950 13.29664830 60 2082 2322 5 0 98
49 52.45466380 13.14080100 20 7 247 5 0 99
50 52.54792680 13.13299960 58 112 352 5 0 100
51 52.43277330 13.47647800 -18 4228 4468 5 1 0
52 52.43234580 13.34893880 -17 2152 2392 5 2 0
53 52.44156180 13.55395730 -55 0 5000 5 3 0
54 52.56814170 13.31904360 -33 1609 1849 5 4 0
55 52.57393720 13.39790160 -52 0 5000 5 5 0
56 52.53755460 13.14923750 -31 242 482 5 6 0
57 52.44797560 13.34988760 -11 366 606 5 7 0
58 52.59019820 13.41289490 -38 4822 4961 5 8 0
59 52.43436890 13.34823260 -20 1936 2176 5 9 0
60 52.58412790 13.43489530 -12 0 5000 5 10 0
61 52.43228760 13.27584820 -26 3720 3960 5 11 0
62 52.42142190 13.39461190 -31 1843 2083 5 12 0
63 52.48646820 13.43201610 -48 2287 2527 5 13 0
64 52.61408130 13.21657170 -18 4698 4938 5 14 0
65 52.56481570 13.31626680 -31 4414 4654 5 15 0
66 52.43481580 13.50194290 -39 3214 3454 5 16 0
67 52.54143210 13.55713590 -26 4040 4280 5 17 0
68 52.41444720 13.51595180 -45 730 970 5 18 0
69 52.45327640 13.25616280 -36 2124 2364 5 19 0
70 52.52607490 13.14712180 -31 2120 2360 5 20 0
71 52.42351730 13.32050630 -38 2906 3146 5 21 0
72 52.43730600 13.32476520 -19 300 540 5 22 0
73 52.52165150 13.20083760 -17 0 5000 5 23 0
74 52.59368160 13.39813380 -20 3965 4205 5 24 0
75 52.60831750 13.24705050 -59 625 865 5 25 0
76 52.46931100 13.31315570 -37 3155 3395 5 26 0
77 52.56118710 13.35723420 -45 0 5000 5 27 0
78 52.56712420 13.35270980 -35 4430 4670 5 28 0
79 52.53837110 13.50609300 -35 192 432 5 29 0
80 52.55704610 13.43899990 -39 2263 2503 5 30 0
81 52.52482760 13.41248070 -43 4347 4587 5 31 0
82 52.46229900 13.46780450 -57 3802 4042 5 32 0
83 52.58694550 13.34035830 -47 2743 2983 5 33 0
84 52.56121220 13.37488630 -37 917 1157 5 34 0
85 52.47188560 13.42985070 -34 3683 3923 5 35 0
86 52.51559600 13.29279640 -16 2892 3132 5 36 0
87 52.49216440 13.59920900 -41 3975 4215 5 37 0
88 52.39382090 13.38822730 -25 2586 2826 5 38 0
89 52.55192030 13.41591790 -39 3732 3972 5 39 0
90 52.45057190 13.63468090 -49 1490 1730 5 40 0
91 52.52752260 13.26235370 -38 3911 4151 5 41 0
92 52.54322350 13.14801760 -46 2459 2699 5 42 0
93 52.54184390 13.23502480 -16 1301 1541 5 43 0
94 52.45274700 13.29875410 -32 3385 3625 5 44 0
95 52.49128960 13.40972720 -42 2689 2929 5 45 0
96 52.45513880 13.63048220 -49 4049 4289 5 46 0
97 52.60005080 13.23760180 -34 2127 2367 5 47 0
98 52.53866070 13.23657450 -60 2115 2355 5 48 0
99 52.51155010 13.27304840 -20 37 277 5 49 0
100 52.44020400 13.55234900 -58 406 646 5 50 0
EDGES
0 40 16 32 37 28 28 28 27 34 36 13 29 36 37 13 35 15 30 36 37 25 32 18 29 29 18 17 35 33 37 28 38 31 23 37 11 14 15 28 18 29 46 34 35 22 34 49 41 43 41 27 12 33 27 36 37 14 39 12 39 5 19 26 39 29 26 49 31 10 35 9 9 30 39 37 13 30 30 41 36 31 24 31 30 23 25 48 19 36 46 24 37 28 9 24 45 36 28 21 33
39 0 36 47 8 43 17 18 41 28 27 41 15 31 30 37 10 35 19 7 9 38 47 33 44 42 33 33 29 27 8 43 53 46 38 9 38 36 44 42 36 20 53 49 21 35 38 52 22 35 27 42 38 48 19 27 24 34 30 38 32 36 42 41 6 19 41 53 46 33 27 40 36 21 27 9 29 21 21 45 34 34 39 18 24 37 26 57 48 31 61 24 23 18 32 38 60 6 19 24 48
16 37 0 21 34 17 25 26 16 29 32 9 26 27 29 5 32 2 28 33 34 16 20 9 18 18 6 4 27 27 34 17 27 19 11 34 6 4 11 17 3 26 36 23 32 13 25 40 38 40 38 15 7 22 24 30 35 5 35 7 32 14 7 15 36 26 15 39 20 18 33 10 9 28 35 34 11 27 27 31 27 21 13 28 27 11 22 37 14 26 35 21 34 25 12 15 34 33 25 18 22
33 47 21 0 44 10 35 36 19 38 41 25 36 35 36 24 42 20 37 43 44 21 5 18 6 21 18 20 36 37 44 9 16 4 15 44 25 22 23 20 20 36 25 16 42 22 31 33 48 50 48 8 26 12 34 39 44 24 44 26 39 30 19 18 46 36 8 34 2 32 43 29 27 38 43 44 24 37 37 33 35 29 14 38 37 17 32 27 24 34 25 31 44 35 26 21 23 43 35 28 11
36 8 33 44 0 40 14 15 38 25 24 38 13 28 27 34 3 32 16 4 3 35 44 30 41 39 30 30 26 24 4 40 50 43 35 3 35 33 41 39 33 17 50 46 19 32 35 49 15 42 34 39 35 45 16 24 31 31 27 35 29 33 39 38 4 17 38 50 43 30 34 37 33 28 25 6 26 18 18 42 31 31 36 16 21 35 23 54 45 28 58 22 30 21 29 35 57 6 23 21 45
29 43 17 10 40 0 31 32 15 33 36 24 32 30 31 20 38 16 34 39 40 17 10 14 7 15 15 17 31 33 40 2 17 9 11 40 21 19 22 15 16 32 23 9 38 19 25 30 44 46 45 8 22 11 31 34 41 20 39 22 34 26 18 14 42 32 3 32 9 28 39 25 23 34 38 40 20 33 33 27 30 24 8 34 33 13 28 24 23 29 23 28 40 31 22 17 21 39 31 24 11
28 17 25 35 14 32 0 2 28 12 12 29 6 17 14 26 12 23 4 13 14 25 35 22 32 29 21 22 15 13 14 31 42 34 26 14 26 24 32 29 25 7 39 37 9 22 23 37 16 35 30 30 27 37 5 11 27 23 15 26 17 24 30 28 16 7 30 37 35 21 28 28 25 20 13 14 17 7 6 29 19 20 28 5 10 26 14 43 37 16 50 13 26 15 21 25 48 13 16 12 36
28 18 25 36 15 32 2 0 27 12 12 30 7 17 14 26 13 24 4 14 15 24 36 22 33 28 22 23 15 13 14 32 42 35 27 15 27 25 33 29 25 6 39 38 9 21 23 37 16 36 31 31 27 37 5 11 28 23 15 27 16 25 31 27 17 6 30 37 35 22 28 29 25 21 13 14 18 7 6 29 19 20 28 5 10 27 15 43 37 16 50 14 27 16 21 25 49 14 16 13 37
27 41 15 18 38 15 28 27 0 23 25 22 30 19 21 18 36 14 28 37 38 5 18 10 15 5 12 14 20 22 38 14 25 17 5 38 19 16 22 5 14 24 26 18 30 8 15 29 39 44 42 13 20 20 26 23 38 18 28 20 24 24 18 2 40 26 12 29 18 26 37 23 21 32 27 38 18 23 24 22 19 13 10 27 22 6 23 30 25 18 32 25 38 29 20 6 30 37 29 22 19
34 28 29 38 25 33 12 12 22 0 5 35 16 8 4 32 23 28 12 24 24 20 38 22 35 22 24 27 7 5 24 32 43 37 25 24 32 30 38 22 28 11 29 34 10 18 13 27 23 41 36 33 33 37 13 3 33 29 8 32 7 31 33 23 26 14 32 27 38 28 34 35 31 26 7 24 24 8 9 19 9 11 28 11 6 25 20 33 40 6 45 20 32 21 27 20 43 24 22 18 36
35 27 31 40 24 35 11 11 25 4 0 37 15 11 6 34 22 30 11 23 23 23 40 24 37 25 27 29 9 7 23 34 45 39 27 24 34 32 40 24 30 11 31 36 9 20 15 28 22 43 38 35 34 39 12 3 35 30 5 34 9 32 36 25 26 13 35 29 40 29 35 36 32 28 5 23 25 9 8 22 11 13 31 10 6 27 22 35 42 9 47 21 34 23 29 23 46 23 23 20 39
13 42 10 25 39 25 30 30 23 36 38 0 31 34 36 6 37 9 32 38 38 23 24 15 23 25 13 11 34 34 38 24 35 23 19 39 5 7 4 25 11 31 43 30 37 20 32 47 42 45 43 20 4 29 29 37 39 9 41 4 39 12 8 22 41 30 22 47 26 17 37 7 9 32 40 38 15 31 32 38 34 28 20 33 32 19 26 44 8 33 42 26 39 30 13 22 41 38 30 23 29
28 15 25 36 13 32 6 6 30 16 16 29 0 20 18 26 11 24 8 11 13 27 35 22 33 31 22 22 18 16 12 32 42 35 26 13 27 25 33 31 25 9 42 38 12 24 27 41 17 35 28 31 27 37 6 15 25 23 19 27 21 25 31 30 14 8 30 42 35 22 26 29 25 21 18 12 18 10 10 33 23 23 28 8 13 26 15 46 37 20 50 14 24 11 21 27 49 11 13 12 37
35 32 26 35 29 30 17 17 19 9 11 33 20 0 7 29 27 25 17 28 29 17 35 20 32 19 22 24 6 9 29 29 40 34 22 29 30 28 35 19 25 14 27 31 17 16 11 27 28 44 39 30 31 34 16 9 36 28 14 31 11 32 31 20 31 17 29 27 35 30 37 33 30 29 14 29 24 11 12 18 8 8 25 16 9 22 22 31 38 4 43 22 35 24 28 17 41 28 24 21 33
36 30 29 37 27 32 14 14 21 4 7 36 18 7 0 32 25 28 14 26 26 19 37 22 34 21 24 26 6 8 26 31 42 36 23 27 33 30 37 21 28 13 27 33 12 18 11 24 25 44 39 32 33 35 15 5 36 30 10 33 5 33 33 22 28 16 31 24 36 30 37 36 32 29 9 26 26 11 11 16 5 10 27 13 8 24 23 31 40 5 43 22 35 24 30 19 41 26 24 21 35
13 39 6 24 36 21 27 27 19 32 35 6 28 30 32 0 34 5 29 35 35 19 24 11 21 21 9 7 30 30 35 20 31 23 15 36 3 3 9 21 7 28 39 26 34 16 28 43 39 42 40 19 4 25 26 33 36 5 38 4 35 11 11 18 38 27 18 43 24 16 34 7 7 29 37 35 12 28 28 34 30 24 16 30 29 15 23 40 13 29 38 23 36 26 11 18 37 35 27 20 25
34 10 31 42 3 38 12 13 36 23 22 35 11 26 25 32 0 30 14 5 3 33 41 28 39 37 27 28 24 22 4 38 48 41 32 3 32 31 38 37 31 15 48 44 17 30 33 47 14 41 35 37 33 43 14 22 32 29 25 33 27 31 37 36 6 14 36 48 41 28 34 35 31 27 23 4 24 16 15 39 29 29 34 13 19 32 21 52 43 26 56 20 31 19 27 33 55 6 21 18 43
15 36 3 20 33 17 24 24 15 28 31 8 25 26 28 4 31 0 26 32 32 15 20 7 17 17 5 3 26 26 32 16 26 19 11 33 5 3 11 16 4 25 35 22 31 12 24 39 36 39 37 15 6 21 23 29 33 4 34 6 31 14 8 14 35 24 14 38 20 17 31 9 8 26 34 32 10 25 26 30 26 20 12 27 26 11 20 36 15 25 34 20 33 24 11 14 33 32 24 17 21
30 19 27 38 16 34 4 4 28 12 11 31 8 17 14 28 14 26 0 15 16 25 37 24 35 29 23 24 15 12 16 34 44 37 28 16 28 27 35 29 27 7 39 40 7 22 23 36 14 37 33 33 29 39 6 11 29 25 14 29 16 27 33 28 18 7 32 37 37 24 30 31 27 23 12 15 20 7 6 29 18 20 30 3 9 28 17 42 39 16 52 16 29 17 23 25 51 15 18 14 39
35 7 32 43 4 39 13 14 37 24 23 37 11 27 26 33 5 31 15 0 6 34 43 29 40 38 29 29 25 23 2 39 49 42 34 6 34 32 40 38 32 16 49 45 17 31 34 48 18 39 31 38 34 44 15 23 28 30 26 34 28 32 38 37 4 16 37 49 42 29 31 36 32 25 23 4 25 17 17 41 30 30 35 14 20 34 22 53 44 27 57 21 27 20 28 34 56 3 21 20 44
36 9 33 43 3 40 14 15 37 24 24 37 12 28 26 34 3 31 16 6 0 35 43 30 40 39 29 30 26 23 5 40 50 42 34 1 34 32 40 39 33 17 50 46 19 32 34 49 15 43 36 38 35 45 15 23 33 31 27 34 29 32 38 38 5 16 38 50 43 29 35 36 33 28 25 6 26 18 17 41 30 30 36 15 20 34 22 53 45 28 58 21 32 21 29 35 56 7 23 20 44
26 39 16 21 36 17 25 24 5 20 22 23 28 17 18 18 34 15 25 35 36 0 20 9 18 8 11 13 18 20 36 17 27 20 7 36 20 17 24 8 15 22 26 21 28 5 14 29 37 43 41 16 20 22 23 21 37 18 26 20 21 23 20 6 38 24 15 29 20 25 36 24 20 30 25 36 17 20 21 20 16 11 12 25 19 7 21 30 27 16 35 23 37 27 19 5 34 35 28 21 22
33 47 20 4 44 10 35 35 19 38 40 24 36 35 36 23 42 20 37 43 44 21 0 18 6 20 18 20 36 37 44 9 17 3 15 44 24 22 22 20 19 36 27 16 42 22 31 34 48 50 48 7 25 13 34 39 44 23 43 25 39 30 18 18 46 36 7 36 5 32 43 28 27 37 43 44 23 37 37 33 34 29 14 38 37 16 32 28 22 34 26 31 44 35 26 21 25 43 35 28 13
19 33 8 18 30 15 21 21 10 22 25 15 22 20 22 11 28 7 23 29 30 9 18 0 15 12 4 6 20 20 30 14 25 17 9 30 12 10 17 12 7 22 30 20 28 6 18 33 34 36 34 13 13 20 20 23 30 11 28 13 25 16 13 10 32 22 13 33 18 18 29 16 13 23 28 30 10 21 22 24 20 14 11 24 20 9 18 34 20 19 33 17 30 21 12 8 31 29 21 14 19
30 44 18 6 41 7 32 33 16 35 38 23 33 32 34 21 39 17 35 40 41 18 6 15 0 18 16 18 33 34 41 7 17 5 12 41 22 20 21 17 17 33 26 13 39 19 28 33 45 47 45 6 23 12 32 36 42 21 41 23 37 27 17 15 43 33 5 35 6 29 40 26 24 35 40 41 21 34 34 31 32 26 11 35 34 14 29 27 22 31 25 29 41 32 23 18 24 40 32 25 12
29 44 18 21 41 15 29 28 4 23 25 25 31 19 21 21 39 17 29 40 41 8 21 13 18 0 15 17 20 23 40 14 26 20 7 41 22 19 25 1 16 26 23 17 31 10 14 26 41 47 45 16 22 19 27 23 41 20 28 22 24 27 21 6 43 28 15 25 20 29 39 26 24 34 27 40 20 24 25 18 19 13 10 29 23 9 26 26 27 18 30 28 41 32 23 9 29 40 32 25 19
19 34 5 19 31 16 22 23 13 25 28 12 23 23 25 8 29 4 24 30 31 12 19 5 16 16 0 3 24 24 31 15 25 18 10 31 9 7 14 15 4 23 33 21 29 9 21 36 35 37 35 14 10 20 21 27 31 8 31 10 28 17 10 13 33 23 13 36 19 19 30 13 12 25 31 31 11 24 24 28 23 17 11 25 23 10 19 35 16 22 33 18 31 22 13 11 32 30 22 15 20
17 34 4 20 31 17 22 23 15 26 30 11 23 24 26 7 29 3 25 30 31 14 20 6 17 17 4 0 25 25 31 16 27 19 11 31 8 5 13 17 4 23 35 22 29 10 22 38 35 37 35 15 8 22 21 28 32 6 33 8 29 16 10 14 33 23 14 37 20 18 30 12 10 25 32 31 11 24 24 29 24 19 13 25 25 11 19 36 17 24 35 18 31 22 12 12 33 30 22 15 21
34 30 27 35 27 30 14 14 20 6 9 34 18 5 5 30 25 26 14 26 27 17 35 20 32 19 23 25 0 5 26 29 40 34 22 27 31 28 36 19 26 11 26 31 15 16 10 24 25 42 37 30 32 34 13 7 33 28 12 31 9 31 32 20 29 14 29 25 35 28 34 34 30 27 11 26 24 9 10 17 6 8 25 13 7 22 21 30 38 3 42 20 33 22 27 17 40 26 22 19 33
32 28 27 37 25 34 12 12 22 5 8 34 16 9 7 30 23 26 12 24 24 20 37 20 34 23 23 25 6 0 24 32 43 36 25 25 31 28 36 23 26 9 31 34 12 17 15 29 23 39 35 32 31 37 11 6 31 27 11 31 10 29 32 23 27 12 31 30 37 26 32 33 29 25 10 24 22 7 8 22 11 12 29 11 4 25 19 35 39 8 47 18 31 20 25 20 45 24 20 17 37
35 8 33 43 4 40 14 14 37 24 24 37 12 27 26 34 4 31 16 2 6 35 43 29 40 39 29 30 26 23 0 39 50 42 34 6 34 32 40 39 32 16 49 45 18 31 34 49 17 41 32 38 35 45 15 23 30 31 27 34 29 32 38 37 5 16 37 49 43 29 32 36 33 27 24 2 25 18 17 41 30 30 36 15 20 34 22 53 45 27 58 21 28 21 29 34 56 4 22 20 44
29 43 17 10 40 2 31 31 15 32 34 24 32 29 30 20 38 16 33 39 40 17 9 14 6 14 14 16 30 32 40 0 16 8 11 40 21 18 22 14 16 32 22 8 38 18 24 29 44 46 44 8 22 10 30 33 40 19 37 21 33 26 18 14 42 32 3 30 9 28 39 25 23 33 37 40 19 33 33 25 28 23 8 34 32 12 27 23 23 28 21 27 40 31 22 17 20 39 31 24 10
40 54 28 16 51 17 42 43 26 43 45 35 43 40 41 31 49 27 45 50 51 28 17 25 17 26 25 28 41 43 51 17 0 16 22 51 32 29 34 26 27 43 25 15 49 29 35 32 55 57 55 19 33 12 41 44 51 31 48 33 44 37 30 25 53 43 15 33 15 39 50 36 34 45 48 51 31 44 44 33 39 34 21 45 44 24 39 26 34 39 24 38 51 42 33 28 23 50 42 35 12
32 46 19 4 43 9 34 34 18 37 39 23 35 34 35 23 41 19 36 42 43 20 3 17 5 19 17 19 35 36 43 8 16 0 14 43 23 21 21 19 18 35 25 15 41 21 30 32 47 49 47 6 24 11 33 38 43 22 43 24 38 29 17 17 45 35 6 34 4 31 42 27 26 36 42 43 23 36 36 32 33 28 13 37 36 15 31 27 21 33 24 30 43 34 25 20 23 42 34 27 11
22 37 11 14 34 10 25 25 6 26 28 18 26 23 24 14 32 10 27 33 34 8 14 8 11 9 8 10 23 25 34 10 20 13 0 34 15 12 18 8 10 26 27 15 32 11 19 30 38 40 38 9 16 15 24 27 34 13 31 15 27 20 14 6 36 26 8 30 13 22 32 19 17 27 31 33 13 26 27 23 22 16 5 28 25 4 21 29 20 21 28 21 34 25 16 9 27 33 25 18 15
36 8 33 44 3 40 14 15 37 25 24 37 13 28 27 34 3 32 16 6 1 35 43 30 41 39 29 30 26 24 6 40 50 43 34 0 34 33 40 39 33 17 50 46 19 32 35 49 15 43 35 39 35 45 16 23 32 31 27 35 29 33 39 38 4 16 38 50 43 30 34 37 33 29 25 6 26 18 17 41 31 31 36 15 21 34 22 53 45 28 58 22 31 21 29 35 57 7 23 20 45
11 39 7 25 36 22 27 27 20 33 35 5 28 31 33 3 34 6 29 35 36 20 24 12 22 22 10 8 31 32 35 21 31 24 16 36 0 4 9 21 8 28 40 27 34 17 29 44 40 42 40 20 3 26 26 34 36 6 38 3 36 9 11 19 38 28 19 44 25 14 34 5 5 29 37 35 12 28 29 35 31 25 17 30 29 16 23 41 13 30 39 23 36 27 10 19 38 35 27 20 26
14 37 3 22 34 19 25 25 17 30 33 7 26 28 30 3 32 3 27 33 33 17 22 9 19 19 7 5 28 28 33 18 28 21 13 34 4 0 10 18 5 26 37 24 32 14 26 41 37 40 38 17 5 23 24 31 34 3 36 5 33 12 9 16 36 25 16 41 22 16 32 8 7 27 35 33 10 26 26 32 28 22 14 28 27 13 21 38 14 27 36 21 34 24 10 16 35 33 25 18 23
14 44 10 23 41 23 32 32 23 37 40 3 33 35 37 8 39 10 34 40 41 24 22 17 21 25 14 12 36 36 41 23 33 21 19 41 8 9 0 25 11 33 42 28 39 21 33 48 45 47 45 18 6 28 31 39 41 11 43 7 40 13 6 23 43 33 21 47 24 18 40 8 10 34 43 40 17 34 34 40 35 29 21 35 34 19 28 43 6 34 41 28 41 32 14 23 40 40 32 25 28
29 43 17 20 40 15 29 28 4 22 25 24 32 19 21 20 38 16 29 39 40 8 20 12 17 1 15 17 20 22 40 14 26 19 7 40 21 19 24 0 16 26 22 16 31 10 14 25 41 46 44 15 22 19 27 23 41 20 28 22 24 26 20 6 42 28 14 25 20 28 39 25 23 34 27 40 20 24 25 18 19 13 9 29 23 8 26 26 27 18 30 27 40 31 22 9 29 39 31 24 19
18 37 3 19 33 16 25 25 14 27 31 11 25 25 27 7 31 4 27 32 33 14 18 7 16 16 4 4 26 26 33 15 26 18 10 33 8 6 11 16 0 25 34 21 31 11 23 38 37 39 38 14 9 21 24 29 34 7 34 9 30 16 7 14 35 25 13 38 19 19 32 12 11 27 33 33 12 26 26 30 25 20 12 27 26 10 21 36 14 25 34 21 33 24 13 13 32 32 25 17 20
29 22 26 37 19 33 7 6 25 11 11 30 9 14 14 27 17 25 7 18 18 22 36 23 34 26 22 23 12 9 18 33 43 36 27 19 27 26 33 27 26 0 36 39 12 19 20 35 19 36 32 32 28 38 5 11 28 24 14 28 16 26 32 25 21 6 31 36 36 23 29 30 26 22 14 18 19 4 4 27 16 17 29 7 6 27 16 39 38 14 51 15 27 16 22 23 50 18 17 13 38
48 54 36 26 51 25 39 38 26 29 32 43 42 27 28 39 49 35 38 50 51 27 27 30 26 23 33 35 27 30 51 24 24 25 27 51 40 37 42 22 34 36 0 16 38 26 19 12 50 61 59 27 41 16 38 30 55 38 34 40 29 45 38 26 53 38 23 14 25 47 53 44 42 48 34 51 38 33 34 15 24 22 24 38 31 29 39 8 43 25 19 41 55 45 41 27 18 50 45 38 16
35 49 23 16 46 12 37 38 19 33 36 30 38 30 32 26 44 22 40 45 46 22 17 20 17 17 20 23 31 34 46 11 15 16 16 46 27 24 30 17 22 38 17 0 42 24 25 24 50 52 50 17 28 6 36 34 46 26 39 28 35 32 26 18 48 38 13 25 15 34 45 31 29 40 38 46 26 36 37 25 30 24 12 40 34 17 34 18 31 29 16 33 46 37 28 22 15 45 37 30 6
34 21 32 42 19 39 10 9 30 10 8 36 12 17 12 33 17 30 7 17 18 28 42 28 39 31 28 29 15 12 18 38 49 41 33 19 33 31 39 30 31 12 37 42 0 25 21 35 15 42 37 37 34 43 12 9 34 30 10 33 15 31 37 31 20 12 36 36 42 28 34 35 31 27 7 18 24 11 9 28 17 19 35 5 9 33 21 41 44 14 53 20 33 21 28 28 52 17 22 19 43
23 36 13 23 33 19 22 21 7 18 21 20 24 16 18 15 31 12 22 32 33 5 22 6 20 10 8 10 17 17 33 19 29 22 10 33 17 14 21 10 12 19 26 24 25 0 14 29 34 40 38 18 17 24 20 20 34 15 24 17 21 20 17 8 35 21 17 28 22 22 32 21 17 27 24 33 14 17 18 20 16 10 15 22 16 10 18 29 24 15 37 20 34 24 16 5 36 32 25 17 24
35 38 25 31 35 25 22 22 16 13 16 32 26 11 11 27 33 24 22 34 35 14 31 18 28 14 20 22 11 13 35 24 35 30 18 35 29 26 33 14 24 19 19 26 21 13 0 18 33 47 45 26 29 28 21 14 42 27 19 29 14 32 29 16 37 22 25 18 30 34 40 33 29 35 18 34 26 17 18 8 9 7 20 21 15 18 25 22 36 9 34 28 41 30 28 14 33 34 30 25 28
50 53 39 32 50 31 38 37 28 28 29 46 41 26 25 42 48 39 37 49 50 29 33 33 32 25 35 37 26 28 50 30 31 32 29 50 43 41 46 25 38 34 11 23 36 28 16 0 49 63 60 34 44 22 37 29 57 42 28 44 26 47 42 28 52 38 29 6 31 49 55 47 44 50 30 50 40 32 33 12 22 23 30 37 30 31 41 15 49 24 28 43 56 45 43 29 27 49 45 41 22
40 22 37 48 15 44 17 17 41 24 23 42 17 29 26 38 13 36 15 18 14 38 48 34 45 42 34 35 27 25 16 44 54 47 39 15 39 37 45 43 37 20 51 50 15 35 35 49 0 48 42 43 39 49 19 23 39 35 24 39 29 37 43 41 18 20 42 49 47 34 40 41 37 33 21 17 30 19 18 41 31 32 40 13 22 39 27 55 49 28 62 26 38 25 33 38 61 19 27 25 49
41 36 39 49 43 46 36 36 44 42 44 43 35 44 44 40 43 37 38 40 44 42 49 35 46 46 35 36 43 40 41 45 56 48 40 43 40 38 46 46 38 37 60 51 43 39 47 63 48 0 25 44 41 51 35 43 21 37 47 40 47 38 44 44 41 36 44 63 49 35 19 42 39 17 46 40 31 37 37 54 47 42 42 39 38 40 30 64 51 44 64 29 21 24 35 42 62 39 24 25 50
40 27 37 48 34 44 31 31 43 37 39 42 28 39 39 38 35 36 33 31 35 41 48 34 45 45 34 35 38 35 32 44 54 47 39 35 39 37 45 44 37 31 59 50 37 38 46 61 42 25 0 43 39 49 30 38 6 35 42 39 42 37 43 42 32 31 42 61 47 33 10 41 37 15 41 32 30 32 32 52 42 41 40 33 33 39 27 62 49 39 62 22 6 17 33 40 61 31 17 22 49
28 42 15 8 39 8 30 31 14 33 36 20 31 30 31 19 37 15 32 38 39 16 7 13 6 16 13 15 31 32 39 8 18 6 10 39 20 17 18 15 14 31 27 14 37 17 26 34 43 45 43 0 21 13 29 34 39 19 39 20 34 25 13 13 41 31 6 35 9 27 38 24 22 33 38 39 19 32 32 28 30 24 9 33 32 12 27 28 18 29 26 26 39 30 21 16 25 38 30 23 13
12 40 7 26 37 22 28 28 21 34 36 4 28 31 33 4 34 6 30 35 36 21 25 13 23 23 11 9 32 32 36 22 32 24 17 36 3 5 8 22 9 29 41 28 34 17 29 45 40 42 41 21 0 27 27 35 37 7 39 2 36 11 10 20 38 28 20 44 25 16 35 7 6 30 38 36 13 29 29 36 32 26 18 30 30 16 24 42 12 31 40 24 36 27 11 20 39 35 28 20 27
34 49 22 12 46 11 37 37 20 36 39 30 38 33 34 25 43 22 39 45 45 22 13 20 12 20 20 22 34 36 45 10 12 11 17 45 26 24 28 19 21 38 16 6 43 24 28 23 49 51 50 13 27 0 36 37 46 25 42 27 37 31 24 20 47 37 8 24 11 34 44 30 28 39 41 45 25 38 38 24 33 27 14 39 37 18 33 17 29 32 14 33 46 36 27 22 13 44 37 29 1
27 19 24 35 16 32 4 4 26 13 13 29 7 17 16 25 14 23 6 15 16 24 35 21 32 28 21 22 15 12 15 31 41 34 26 16 26 24 32 28 24 6 38 37 11 20 23 38 17 35 30 30 26 36 0 12 27 22 16 26 18 24 30 27 18 5 29 39 35 21 27 28 24 20 15 15 17 7 6 30 19 19 27 7 9 26 14 42 37 17 49 13 26 15 21 24 48 15 15 12 36
35 27 30 39 24 34 11 11 23 3 3 36 15 9 5 33 21 29 11 23 23 21 39 23 36 23 25 27 8 6 23 33 44 38 26 23 33 31 38 23 29 11 30 35 9 19 14 28 22 42 37 34 34 37 12 0 34 30 6 33 7 31 34 24 25 13 33 28 38 28 35 35 32 27 5 23 24 8 7 20 9 12 29 10 6 26 21 34 41 7 45 20 33 22 28 21 44 22 22 19 37
36 24 33 44 31 40 27 28 39 33 35 38 25 36 36 34 32 32 29 28 32 37 44 30 41 41 30 31 34 32 30 40 50 43 35 32 35 33 41 40 33 28 55 46 34 34 42 57 38 21 6 39 35 45 26 35 0 31 38 35 38 33 39 38 29 28 38 58 43 29 7 37 33 11 38 29 26 29 29 49 39 37 36 30 29 35 23 59 45 36 58 19 3 14 29 36 57 28 14 18 45
14 35 5 24 32 20 23 24 18 29 32 9 24 28 31 5 30 4 26 31 32 18 23 11 21 21 9 6 29 28 32 20 30 23 14 32 6 3 11 20 7 24 39 26 30 15 27 42 36 38 37 19 7 25 23 31 33 0 35 6 34 12 10 18 34 24 18 42 23 15 31 10 6 26 34 32 9 25 25 33 29 23 16 26 26 14 20 40 16 28 38 20 32 23 9 17 37 31 23 16 25
39 30 34 44 27 39 14 14 28 7 5 40 19 14 9 37 25 33 14 26 27 26 43 27 41 28 30 32 12 10 27 37 48 43 30 27 37 36 43 28 33 14 32 39 10 24 18 27 23 46 41 39 38 41 15 6 38 34 0 38 8 35 39 28 29 16 38 27 43 33 39 39 36 31 4 26 29 12 11 21 12 16 34 13 10 30 25 35 46 12 47 24 37 26 32 26 46 26 27 23 41
12 39 7 25 36 22 27 27 20 33 35 5 28 31 33 3 34 6 29 35 36 20 25 12 22 22 10 8 32 32 36 21 32 24 16 36 3 5 8 22 8 28 40 27 34 17 29 44 40 42 40 20 2 27 26 34 36 6 38 0 36 11 10 20 38 28 19 44 25 16 35 7 6 29 38 35 12 29 29 36 31 25 18 30 29 16 23 42 12 30 40 23 36 27 11 19 38 35 27 20 26
39 32 33 41 29 36 17 17 25 7 9 40 21 12 7 36 27 32 16 28 29 23 41 26 38 25 28 31 10 10 29 35 46 40 28 29 37 34 42 25 32 16 29 37 15 22 15 25 28 46 42 36 38 38 17 8 38 34 8 37 0 36 37 26 31 18 35 26 41 33 39 40 36 32 10 29 29 13 13 18 9 14 31 16 11 28 26 33 44 10 45 25 38 27 32 23 43 28 27 24 38
5 37 15 29 34 26 25 25 24 31 33 13 26 33 34 11 32 14 27 33 34 23 29 15 26 26 15 16 32 30 34 25 36 28 20 34 9 12 14 26 16 26 44 31 32 19 31 47 38 39 38 24 11 30 24 32 34 12 36 11 36 0 18 23 36 26 23 46 29 7 32 9 8 27 36 33 10 27 27 38 34 28 22 28 27 20 21 45 19 33 43 21 33 25 6 22 42 33 25 17 30
19 43 8 19 40 18 31 31 19 33 37 8 31 31 33 11 37 8 33 39 39 21 18 13 17 21 10 10 32 32 39 18 29 17 15 39 11 9 6 21 7 32 37 23 37 17 29 44 43 45 44 13 10 24 30 35 40 10 40 10 36 18 0 19 41 31 16 43 19 23 38 13 14 33 39 39 17 32 32 36 31 26 17 33 32 15 27 39 8 31 37 27 39 30 17 19 35 38 31 23 24
27 41 15 18 38 15 27 26 1 22 24 22 29 19 20 18 36 15 27 37 38 4 18 9 15 5 12 14 20 21 38 14 25 17 5 38 19 17 22 5 14 24 26 19 29 7 15 29 39 44 42 13 20 20 25 23 38 18 27 20 23 24 18 0 40 26 13 29 18 26 36 23 21 31 27 37 17 22 23 21 18 12 10 27 21 6 23 30 25 17 32 25 38 29 20 5 31 37 29 22 19
38 6 35 46 4 42 16 17 39 26 26 39 14 30 29 36 6 34 18 4 5 37 45 32 42 41 31 32 28 25 5 42 52 45 36 5 36 35 42 41 35 19 52 48 20 34 36 51 18 40 32 40 37 47 18 25 29 33 29 37 31 35 40 40 0 18 40 52 45 32 32 38 35 26 26 7 28 20 19 43 32 33 38 17 22 36 24 55 47 30 60 23 28 22 31 37 59 5 24 22 47
28 22 25 36 19 32 7 6 27 14 13 30 9 17 16 26 16 24 7 18 18 24 36 22 33 28 22 23 15 13 18 32 42 35 27 18 27 25 33 28 25 6 39 38 13 21 24 38 19 36 31 31 27 37 5 13 28 23 16 27 18 25 31 27 20 0 30 39 35 22 28 29 25 21 16 18 18 7 7 31 20 20 28 9 10 27 15 43 37 17 50 14 27 16 21 24 49 17 16 13 37
27 41 15 8 38 3 29 30 13 32 35 22 30 29 30 18 36 14 31 37 38 15 7 12 5 15 12 14 30 31 38 3 14 7 9 38 19 16 21 14 14 30 23 9 36 16 25 30 42 44 42 6 20 8 28 33 38 18 38 19 33 24 16 12 40 30 0 31 7 26 37 23 21 32 37 38 18 31 31 27 29 23 8 32 31 11 26 24 21 28 21 25 38 29 20 15 20 37 29 22 8
48 52 38 34 49 31 36 36 28 26 29 45 39 25 24 41 47 37 36 48 48 28 36 31 35 25 34 36 24 27 48 30 33 34 29 48 42 39 46 25 37 33 14 25 35 27 15 4 47 61 59 36 43 24 35 27 55 41 27 43 24 46 42 28 50 36 31 0 34 47 54 46 43 49 30 48 39 30 31 10 20 21 30 35 28 31 39 17 49 22 31 42 54 43 42 28 29 48 44 39 25
32 47 20 2 44 9 35 35 18 38 40 26 36 34 36 23 42 20 37 43 43 20 5 18 6 20 18 20 35 37 43 9 15 4 15 44 25 22 23 19 19 36 25 15 42 22 30 32 47 50 48 9 25 11 34 38 44 23 43 25 39 29 19 18 45 35 7 33 0 32 42 29 27 37 42 43 23 36 36 33 34 28 13 38 36 16 31 26 24 33 24 31 44 34 25 21 23 43 35 28 11
10 36 18 32 33 28 24 24 27 30 32 18 25 32 32 17 31 17 26 32 32 26 32 18 29 29 18 18 31 28 32 28 38 31 23 33 15 17 19 28 20 25 47 34 31 22 34 50 36 36 34 27 16 33 23 31 30 15 35 16 35 7 24 26 35 24 26 49 31 0 29 14 13 23 34 32 11 25 25 41 34 28 24 27 26 23 18 48 24 32 46 17 30 22 9 24 45 32 22 14 33
34 27 31 42 34 38 28 29 37 34 36 36 26 37 37 32 34 30 31 31 35 35 42 28 39 39 28 29 35 33 32 38 48 41 33 35 33 31 39 38 31 29 53 44 35 32 40 56 40 19 10 37 33 43 28 36 6 29 40 33 40 31 37 36 32 29 36 56 41 28 0 35 31 10 39 31 24 30 30 47 40 35 34 31 31 33 22 57 43 37 56 20 7 15 27 34 55 31 15 17 43
9 42 11 29 39 26 30 30 24 36 38 7 31 35 37 8 37 10 32 38 38 24 29 16 26 26 14 12 36 34 38 25 36 28 20 39 6 9 9 26 12 31 44 31 37 21 33 48 42 45 43 24 7 31 29 37 39 11 41 7 40 10 13 24 41 30 24 48 29 15 37 0 6 32 40 38 14 31 32 40 35 29 22 33 32 20 26 46 14 34 44 26 39 30 10 23 42 38 30 23 30
9 37 9 26 34 23 25 25 21 31 33 9 26 30 32 7 32 8 27 33 34 20 26 12 23 23 12 10 31 30 34 22 33 25 17 34 5 7 11 23 10 26 41 28 32 16 28 44 38 40 38 21 6 27 24 32 34 6 36 6 35 8 14 20 36 26 20 43 26 12 32 5 0 27 36 33 10 27 27 35 31 25 19 28 27 17 21 42 15 30 40 21 34 25 8 19 39 33 25 18 27
29 21 26 37 28 33 21 21 31 27 29 31 21 29 29 27 28 25 23 25 29 30 37 23 34 34 23 23 28 25 27 33 43 36 28 29 28 26 34 33 26 22 48 39 27 26 35 51 33 17 15 32 28 38 20 28 11 24 32 28 32 26 32 31 26 21 31 50 36 22 10 30 26 0 31 26 19 22 22 42 32 29 29 23 23 27 16 51 38 29 51 14 11 10 22 29 50 25 10 11 38
38 27 34 43 25 38 13 13 27 7 5 40 18 13 9 36 23 33 12 23 24 25 43 27 40 27 29 31 12 10 24 37 48 42 30 25 37 35 43 27 33 14 34 39 7 23 18 29 21 46 41 38 37 42 15 5 38 33 4 37 10 35 38 28 26 16 37 30 43 32 38 39 35 31 0 24 28 11 10 23 14 16 33 11 9 30 25 38 45 11 50 24 37 26 31 25 48 23 26 23 41
35 9 33 43 5 40 14 14 37 24 24 37 12 28 26 34 4 31 15 4 6 35 43 29 40 39 29 30 26 23 2 39 50 42 34 6 34 32 40 39 32 16 50 45 18 31 34 49 17 40 32 38 35 45 15 23 29 31 27 34 29 32 38 38 7 16 37 49 43 29 31 36 33 26 24 0 25 18 17 41 30 30 36 14 20 34 22 53 45 27 58 21 28 20 29 35 56 4 22 20 44
12 30 12 24 27 20 18 18 18 24 26 15 19 25 26 12 25 11 20 26 26 17 24 10 21 21 10 10 25 22 26 20 30 23 15 26 12 11 18 20 13 19 38 26 24 14 26 41 30 32 31 19 13 25 17 25 27 9 29 12 29 10 18 18 28 18 18 41 23 10 25 12 10 20 28 26 0 19 19 32 26 20 16 20 20 14 14 40 22 24 38 14 27 17 4 16 37 25 18 10 25
30 23 27 38 20 34 7 7 23 8 9 31 11 11 11 28 18 26 7 19 20 20 37 21 34 25 23 24 9 7 19 34 44 36 25 20 28 26 34 25 27 4 33 36 11 17 18 32 18 37 32 32 29 39 6 8 29 25 12 28 13 26 32 23 22 7 32 33 37 23 30 30 27 22 12 19 20 0 2 25 14 14 30 6 4 25 16 37 39 11 49 15 28 17 23 21 47 19 18 14 39
29 21 27 37 18 34 6 6 24 8 8 31 10 12 10 28 16 25 6 17 18 22 37 22 34 26 23 24 11 8 18 33 44 36 26 18 28 26 34 26 26 4 34 38 9 18 19 33 17 37 32 32 28 38 5 7 29 24 11 28 13 26 32 25 20 6 31 34 37 23 29 30 26 22 11 18 19 3 0 26 15 15 29 5 5 27 16 38 39 12 50 15 28 17 23 22 49 17 17 14 38
41 45 31 34 42 27 29 29 22 20 22 38 32 18 17 34 40 30 29 41 41 21 34 24 31 18 27 29 17 20 41 26 33 33 23 41 35 32 40 18 30 26 15 25 28 20 8 13 40 54 51 29 36 24 28 21 48 34 23 36 18 39 36 21 43 29 28 13 33 40 47 39 36 42 25 41 32 23 24 0 13 14 23 28 21 24 32 19 42 15 31 35 47 36 35 21 29 40 37 32 24
38 34 28 36 31 30 19 18 20 9 12 35 22 9 6 30 29 27 18 30 31 18 35 21 32 20 23 25 7 9 31 29 40 34 22 31 32 29 36 19 26 15 24 31 17 16 9 20 30 46 41 30 32 33 18 10 38 30 13 32 8 35 32 20 33 18 30 21 35 32 38 36 32 31 14 31 27 13 14 13 0 9 26 18 11 22 25 27 39 6 39 24 37 26 30 18 38 30 26 23 33
29 34 20 28 31 23 20 19 12 12 14 27 22 8 10 22 29 19 19 30 31 10 28 13 25 12 15 17 9 12 31 22 33 27 14 31 23 21 28 12 18 16 21 24 20 8 8 24 31 41 39 23 24 26 18 12 35 22 17 24 13 27 24 13 33 18 22 23 27 27 33 27 24 28 16 31 19 14 15 15 8 0 18 19 13 15 18 24 31 7 36 21 34 25 22 10 35 30 25 18 26
25 40 13 15 37 8 28 28 10 29 31 21 29 25 27 17 35 13 30 36 36 12 15 11 12 10 11 13 26 29 36 8 20 14 6 37 18 15 21 10 12 29 24 11 35 14 20 30 40 43 41 10 18 14 27 29 37 16 34 18 30 23 17 9 39 28 9 30 14 25 35 22 20 30 34 36 16 29 30 23 25 19 0 31 28 8 24 26 24 24 25 24 37 27 19 12 24 36 28 21 14
30 18 28 38 16 35 5 5 28 11 11 32 8 16 13 29 14 26 3 14 15 25 38 24 35 29 24 25 14 12 15 34 45 37 29 16 29 27 35 30 27 7 38 40 5 22 22 36 12 38 33 33 30 40 7 10 30 26 13 29 16 27 33 28 17 8 32 36 38 24 31 31 28 23 11 14 20 6 5 28 18 19 31 0 9 29 17 42 40 15 53 16 29 17 24 25 51 14 18 15 39
30 25 27 37 22 33 9 9 22 6 7 31 13 9 8 28 20 26 9 21 22 20 37 20 34 23 22 24 7 4 22 33 43 36 24 22 29 27 35 23 26 6 31 35 9 16 16 31 21 37 33 32 29 37 9 6 29 25 10 29 11 27 32 23 24 9 31 31 36 24 30 31 27 23 9 22 20 4 5 23 12 12 29 9 0 24 17 35 38 9 47 16 28 17 23 20 46 21 18 14 37
23 38 11 16 35 13 26 26 7 25 27 18 27 22 23 15 33 11 28 34 34 8 16 9 13 9 9 11 23 25 34 12 23 15 3 35 16 13 18 8 10 27 28 18 33 10 18 31 38 41 39 11 16 18 25 26 35 14 30 16 26 21 14 6 37 26 11 31 16 23 33 20 18 28 30 34 14 25 26 24 21 15 8 29 24 0 22 32 21 20 31 22 35 26 17 8 29 34 26 19 17
21 25 19 29 22 26 13 13 22 19 21 23 14 21 22 20 20 17 15 21 22 19 29 15 26 24 15 16 20 18 22 25 36 28 20 22 20 18 26 24 18 14 37 31 20 16 24 40 26 28 25 24 20 30 12 21 21 16 24 20 24 18 24 22 24 14 23 40 29 15 21 22 18 15 24 22 11 15 15 31 25 19 21 16 15 20 0 41 31 22 43 8 21 13 15 19 42 21 13 6 30
49 58 37 27 55 26 42 42 30 33 35 44 46 31 31 40 53 36 42 54 55 31 28 34 27 26 34 36 31 33 54 25 26 27 30 55 41 38 43 26 36 39 8 18 41 30 23 16 53 64 62 29 42 17 41 34 58 40 38 41 33 46 39 30 57 42 24 17 26 48 57 45 43 52 38 54 40 37 38 19 28 25 25 41 35 31 42 0 44 29 19 45 58 48 42 31 17 54 49 42 17
19 49 14 24 46 23 37 38 26 40 43 8 38 38 40 13 44 15 40 45 46 27 22 20 21 28 17 17 39 39 46 23 34 21 22 46 13 14 6 28 13 38 42 28 44 24 36 49 50 52 50 18 12 28 36 42 46 16 46 12 43 19 8 26 48 38 21 50 24 24 45 14 15 40 46 46 23 39 39 43 38 32 23 40 38 22 34 43 0 37 41 33 46 37 19 26 40 45 37 30 28
35 30 26 34 27 29 15 15 19 6 8 33 18 5 4 29 25 25 15 26 27 16 34 19 31 18 22 24 3 6 27 28 39 33 21 27 30 27 35 18 25 12 25 30 14 15 9 24 26 42 37 29 31 33 14 6 34 28 11 30 8 31 31 19 29 15 28 24 34 28 35 34 30 27 10 27 25 9 10 16 5 7 24 14 7 21 21 28 37 0 40 20 33 22 28 16 39 26 22 19 32
48 62 36 25 59 24 50 50 32 45 47 43 51 42 43 39 57 35 52 58 59 35 27 33 26 30 33 35 42 45 59 23 24 25 29 59 40 37 42 30 35 51 20 16 53 37 34 29 63 65 63 27 41 15 49 45 59 38 49 40 44 45 37 31 61 51 22 31 25 47 58 44 42 52 49 59 38 48 49 30 40 37 25 53 46 31 46 19 42 40 0 46 59 50 41 35 3 58 50 43 15
23 24 20 30 23 27 14 14 25 20 22 24 15 22 22 21 21 18 16 22 22 23 30 17 27 27 16 17 21 18 22 26 37 29 21 23 21 19 27 27 20 15 41 32 21 20 28 44 26 29 22 25 22 32 13 21 19 18 25 21 25 19 25 25 24 14 25 44 30 16 21 23 20 14 24 22 12 15 15 35 25 23 23 17 16 21 9 45 32 22 45 0 18 7 16 23 43 22 7 6 31
36 23 33 44 30 40 26 27 39 33 35 38 24 35 35 34 31 32 29 27 31 37 44 30 41 41 30 30 33 31 29 40 50 43 35 31 35 33 41 40 33 27 55 46 33 33 42 57 37 21 6 39 35 45 26 34 3 31 38 35 38 33 39 38 28 27 38 57 43 29 7 37 33 11 37 28 26 28 28 48 38 36 36 29 29 35 23 58 45 35 58 18 0 13 29 36 57 27 13 18 45
27 18 25 35 22 32 15 16 30 22 24 29 11 24 25 26 20 23 17 20 21 28 35 21 32 32 21 22 23 20 21 31 42 34 26 21 26 24 32 32 24 17 46 37 21 24 31 46 25 24 17 30 27 37 15 23 14 23 27 26 27 24 30 30 23 16 29 47 35 21 16 28 25 10 26 20 17 17 18 38 27 26 28 17 18 26 14 49 37 25 50 7 13 0 21 27 48 20 2 11 36
9 33 12 25 30 22 21 21 20 27 29 13 22 28 29 11 28 11 23 29 29 19 25 12 22 22 11 12 28 25 29 22 32 24 16 30 10 10 15 22 13 22 40 27 28 16 28 43 33 36 34 20 11 27 20 28 30 9 32 10 32 6 17 20 32 21 20 43 25 8 28 9 8 23 31 29 5 22 23 34 29 23 18 24 23 16 17 42 19 28 40 17 30 20 0 18 38 29 21 14 26
25 39 15 22 36 18 26 25 7 21 23 22 28 18 19 18 34 14 26 35 36 6 21 8 19 9 11 13 19 20 36 18 28 21 8 36 19 16 24 9 14 23 27 22 28 6 15 30 38 43 41 17 20 23 24 22 37 18 26 20 22 23 20 7 38 25 16 30 21 25 35 23 20 30 26 36 16 21 22 21 17 12 13 26 20 9 21 31 27 17 36 23 37 27 19 0 35 35 28 21 23
46 61 35 24 58 23 49 49 31 43 46 42 50 41 42 38 56 34 51 57 57 34 25 32 25 29 32 34 41 44 57 22 23 24 28 58 39 36 40 29 33 50 19 15 52 36 33 28 61 64 62 26 39 14 48 44 58 37 48 39 43 44 36 30 60 49 20 30 23 46 56 43 41 51 48 57 37 47 48 29 38 36 24 52 45 29 45 17 41 39 3 45 58 49 40 34 0 57 49 42 14
35 6 32 43 5 39 13 14 36 23 23 36 11 27 26 33 6 31 15 2 7 34 42 29 39 38 28 29 25 22 4 39 49 42 33 7 33 32 39 38 32 16 49 45 17 31 33 48 18 39 31 37 34 44 15 22 28 30 26 34 28 32 37 37 5 15 37 49 42 29 31 35 32 25 23 4 25 17 16 40 29 30 35 14 19 33 21 52 44 27 57 20 27 19 28 34 56 0 21 19 44
26 21 23 34 22 30 15 15 29 21 23 28 12 23 23 24 20 22 17 21 22 26 34 20 31 31 20 21 22 19 22 30 40 33 25 22 25 23 31 30 23 16 44 36 21 23 30 45 26 26 19 29 25 35 14 22 16 21 26 25 26 23 29 28 23 15 28 45 33 20 18 27 23 12 25 21 16 16 16 36 26 25 26 17 17 25 13 48 35 23 48 6 15 4 19 26 47 20 0 10 35
20 25 17 28 22 24 13 13 22 19 21 21 14 21 22 18 20 16 15 21 22 21 27 14 25 25 14 14 20 18 22 24 34 27 18 22 19 17 25 24 17 14 39 30 20 17 26 42 26 25 22 23 19 29 12 20 18 15 24 19 24 17 23 22 24 14 22 41 27 14 18 21 17 11 24 22 10 15 15 32 25 20 20 16 15 18 8 42 29 22 42 6 18 11 13 20 41 21 12 0 29
34 48 22 11 45 10 36 37 20 36 38 29 37 33 34 25 43 21 39 44 45 22 13 19 12 19 19 22 34 36 45 9 11 11 16 45 26 23 28 19 21 37 16 6 43 23 28 23 49 51 49 13 27 1 35 37 45 25 41 27 37 31 24 19 47 37 8 25 11 33 44 30 28 39 41 45 25 38 38 24 32 26 14 39 37 18 33 17 28 31 15 32 45 36 27 22 13 44 36 29 0
EOF