NAME: pdptw-n20-ber2
LOCATION: Berlin
COMMENT:  ber20-1
TYPE: PDPTW
SIZE: 101
DISTRIBUTION: cluster-random (10 / 1.2)
DEPOT: random
ROUTE-TIME: 5000
TIME-WINDOW: 240
CAPACITY: 100
NODES
0 52.42524280 13.29170840 0 0 5000 0 0 0
1 52.41806500 13.34596640 19 817 1057 5 0 51
2 52.43380850 13.45348780 11 0 5000 5 0 52
3 52.48475680 13.52036030 32 732 972 5 0 53
4 52.56187830 13.38987250 23 3192 3432 5 0 54
5 52.43213090 13.46233940 38 661 901 5 0 55
6 52.46378940 13.34288870 27 296 536 5 0 56
7 52.41875240 13.33367730 31 3923 4163 5 0 57
8 52.48736540 13.57799970 60 3035 3275 5 0 58
9 52.56531630 13.56248900 25 4003 4243 5 0 59
10 52.48628080 13.33841080 29 1328 1568 5 0 60
11 52.48457950 13.51942910 20 1706 1946 5 0 61
12 52.45600970 13.32357140 13 2379 2619 5 0 62
13 52.42935540 13.46477920 39 1059 1299 5 0 63
14 52.59840570 13.45928690 46 2717 2957 5 0 64
15 52.43375890 13.46283840 25 3806 4046 5 0 65
16 52.49094920 13.56879820 15 3543 3783 5 0 66
17 52.47675790 13.37737790 39 2851 3091 5 0 67
18 52.41784050 13.33689620 20 315 555 5 0 68
19 52.46123470 13.34800160 43 0 5000 5 0 69
20 52.58936020 13.45232510 24 1892 2132 5 0 70
21 52.59190080 13.46751040 40 3463 3703 5 0 71
22 52.48298340 13.60153600 12 4395 4635 5 0 72
23 52.55197020 13.36674800 59 285 525 5 0 73
24 52.43539470 13.34935780 41 1492 1732 5 0 74
25 52.47624210 13.57015220 50 2736 2976 5 0 75
26 52.48775570 13.52694940 38 1598 1838 5 0 76
27 52.55798190 13.39941120 58 3646 3886 5 0 77
28 52.42568490 13.33898370 58 2141 2381 5 0 78
29 52.56540350 13.55849590 56 0 5000 5 0 79
30 52.56710100 13.45093010 33 750 990 5 0 80
31 52.44831760 13.48231960 37 1767 2007 5 0 81
32 52.59285250 13.47128720 56 0 5000 5 0 82
33 52.56243710 13.39434760 31 1075 1315 5 0 83
34 52.59971400 13.46286120 18 89 329 5 0 84
35 52.41764420 13.35149540 56 2485 2725 5 0 85
36 52.57099770 13.39785460 44 4587 4827 5 0 86
37 52.41501190 13.33582250 31 582 822 5 0 87
38 52.55745010 13.18974210 36 1438 1678 5 0 88
39 52.60269370 13.34280250 13 3575 3815 5 0 89
40 52.47120220 13.31670620 51 1970 2210 5 0 90
41 52.38078820 13.62271800 26 3130 3370 5 0 91
42 52.54706110 13.48803020 14 4661 4901 5 0 92
43 52.49483560 13.41555120 55 1090 1330 5 0 93
44 52.48420150 13.27808210 32 1 241 5 0 94
45 52.54358490 13.57134430 15 915 1155 5 0 95
46 52.50062130 13.56676770 57 3660 3900 5 0 96
47 52.47427940 13.47667260 21 903 1143 5 0 97
48 52.56004850 13.38189260 43 0 5000 5 0 98
49 52.40850900 13.52452930 57 2303 2543 5 0 99
50 52.61588540 13.22729100 59 4359 4599 5 0 100
51 52.49074420 13.47998120 -19 855 1095 5 1 0
52 52.47791850 13.56255830 -11 0 5000 5 2 0
53 52.55399200 13.21520940 -32 785 1025 5 3 0
54 52.56796840 13.39195600 -23 3200 3440 5 4 0
55 52.59344630 13.46787600 -38 704 944 5 5 0
56 52.53450450 13.61250160 -27 344 584 5 6 0
57 52.57897760 13.33728600 -31 3966 4206 5 7 0
58 52.60402150 13.48317350 -60 3075 3315 5 8 0
59 52.46649760 13.34812210 -25 4286 4526 5 9 0
60 52.50739070 13.30070830 -29 1341 1581 5 10 0
61 52.43780770 13.49898970 -20 1730 1970 5 11 0
62 52.49046170 13.37010280 -13 2398 2638 5 12 0
63 52.49622190 13.57392570 -39 1098 1338 5 13 0
64 52.42077490 13.20695430 -46 2763 3003 5 14 0
65 52.41634000 13.35711430 -25 3830 4070 5 15 0
66 52.43104270 13.33463760 -15 3587 3827 5 16 0
67 52.56247550 13.41637870 -39 2879 3119 5 17 0
68 52.48036310 13.60868530 -20 369 609 5 18 0
69 52.42624010 13.50553350 -43 0 5000 5 19 0
70 52.41477040 13.51876970 -24 1938 2178 5 20 0
71 52.57037000 13.56044370 -40 3486 3726 5 21 0
72 52.51336110 13.60177790 -12 4409 4649 5 22 0
73 52.47192870 13.30604490 -59 548 788 5 23 0
74 52.43658190 13.71108760 -41 1559 1799 5 24 0
75 52.52870890 13.15546360 -50 2807 3047 5 25 0
76 52.51024750 13.44541880 -38 1618 1858 5 26 0
77 52.48812480 13.58208430 -58 3681 3921 5 27 0
78 52.46079210 13.33442610 -58 2156 2396 5 28 0
79 52.50504590 13.35614270 -56 0 5000 5 29 0
80 52.61632930 13.33707710 -33 779 1019 5 30 0
81 52.47171210 13.31654670 -37 1793 2033 5 31 0
82 52.40134170 13.57116490 -56 0 5000 5 32 0
83 52.39156350 13.38809430 -31 1360 1600 5 33 0
84 52.51194930 13.46125110 -18 116 356 5 34 0
85 52.62015660 13.39625170 -56 2775 3015 5 35 0
86 52.42109490 13.24083750 -44 4626 4866 5 36 0
87 52.51545910 13.62998630 -31 638 878 5 37 0
88 52.44131390 13.28404650 -36 1713 1953 5 38 0
89 52.52985590 13.42821350 -13 3606 3846 5 39 0
90 52.47538510 13.44426970 -51 1990 2230 5 40 0
91 52.51678380 13.26306970 -26 3197 3437 5 41 0
92 52.46103880 13.51950950 -14 4693 4933 5 42 0
93 52.49001500 13.29382050 -55 1354 1594 5 43 0
94 52.54548430 13.39535290 -32 30 270 5 44 0
95 52.45749350 13.43532460 -15 953 1193 5 45 0
96 52.50551020 13.39048110 -57 3689 3929 5 46 0
97 52.42026890 13.38564860 -21 928 1168 5 47 0
98 52.57740990 13.51026450 -43 0 5000 5 48 0
99 52.47334480 13.12568640 -57 2361 2601 5 49 0
100 52.56840450 13.31192170 -59 4382 4622 5 50 0
EDGES
0 10 24 38 31 25 12 8 43 47 16 37 10 25 43 25 43 16 9 13 41 43 43 29 11 42 37 36 9 47 38 24 44 33 44 11 34 8 34 33 13 46 38 26 14 47 44 24 31 31 37 31 40 34 34 43 52 31 46 13 19 25 19 44 14 12 9 36 44 26 30 46 48 13 53 34 31 44 12 20 36 13 35 18 32 43 10 51 6 30 22 21 29 15 31 19 23 16 44 39 25
11 0 19 36 35 18 12 5 42 47 18 36 12 19 43 20 42 15 4 12 41 43 42 32 7 40 35 37 4 47 38 23 44 36 44 2 38 4 37 36 15 44 38 26 19 47 43 23 34 30 41 30 38 37 37 43 52 34 46 12 22 24 20 43 21 4 6 36 43 25 27 46 48 16 52 37 31 43 12 21 40 15 34 10 32 46 17 50 13 30 21 25 28 20 32 18 23 9 44 42 28
24 19 0 23 31 3 17 20 27 39 17 23 19 3 37 3 27 14 20 17 35 37 27 29 15 26 22 31 18 38 32 7 38 32 38 18 33 20 36 35 18 30 29 16 21 35 28 11 31 15 39 19 24 36 33 37 39 33 40 16 21 9 17 29 31 19 18 31 28 9 11 37 35 18 37 36 21 28 17 20 38 17 20 17 20 42 29 37 23 24 10 24 14 19 28 7 19 13 36 41 27
37 35 22 0 29 21 29 36 13 21 29 1 31 22 29 22 13 26 35 29 26 29 17 30 31 12 3 27 34 21 25 17 30 29 30 35 28 36 48 41 30 32 17 23 33 18 14 14 29 21 51 15 10 48 29 29 22 38 32 28 33 19 28 15 43 36 33 26 18 20 24 21 18 30 29 48 16 14 29 29 43 29 21 36 14 37 41 21 35 21 20 36 12 31 26 21 24 31 22 53 37
31 34 31 28 0 31 24 33 32 26 20 29 26 32 13 32 31 21 33 24 11 14 35 5 31 34 26 5 32 24 10 30 14 2 14 33 4 34 26 15 21 52 16 21 19 28 29 25 2 38 25 21 33 26 3 13 35 13 17 23 17 32 17 31 28 34 32 7 37 32 37 24 33 21 54 30 17 32 24 15 17 21 42 39 17 13 32 36 27 14 24 17 30 19 6 25 13 32 19 36 11
25 18 3 22 31 0 17 19 26 38 17 22 20 2 38 2 25 14 19 17 35 38 26 29 15 24 21 32 19 38 33 5 39 32 39 17 33 19 37 36 18 29 29 17 22 34 26 11 31 14 40 18 22 37 33 38 38 34 41 16 22 8 18 27 32 18 19 31 26 7 10 37 33 19 36 37 21 26 18 21 39 18 18 16 20 43 29 35 23 24 11 24 13 20 28 8 19 12 36 42 27
13 12 16 29 24 16 0 13 34 39 7 28 6 17 34 16 34 8 12 3 32 35 34 21 9 33 28 28 11 38 29 15 35 25 35 12 27 13 27 26 5 37 29 17 11 39 35 15 24 23 30 23 31 27 26 34 43 24 38 2 12 17 10 36 20 13 10 27 35 17 22 37 39 6 44 27 22 35 3 10 29 5 27 20 23 35 17 42 11 22 14 14 20 10 22 10 14 13 35 32 17
8 4 21 36 33 20 12 0 42 48 17 36 10 20 43 21 42 15 2 12 41 44 42 31 7 40 35 37 4 47 38 23 44 35 44 5 36 2 36 35 14 45 38 26 16 47 43 23 33 30 39 30 39 36 36 43 52 33 46 12 21 24 19 43 19 6 5 37 43 25 29 46 48 14 52 36 31 43 11 21 38 14 34 11 32 45 14 51 10 30 21 23 28 17 32 18 23 10 44 41 27
44 42 28 14 32 26 35 42 0 19 35 14 38 27 32 27 3 32 41 35 29 32 5 33 38 4 13 30 40 20 28 23 33 32 33 41 31 42 54 44 36 31 20 28 39 13 6 22 32 21 54 21 6 54 32 32 15 41 35 34 38 22 31 4 50 42 39 29 6 22 23 20 9 37 25 54 21 2 36 32 46 36 21 41 18 40 47 12 41 24 27 42 15 38 29 27 27 37 24 59 40
48 47 38 19 26 38 39 48 19 0 36 20 42 38 20 38 18 34 47 39 17 20 23 28 43 21 17 25 46 4 18 34 21 26 21 47 25 48 49 37 40 46 13 29 42 8 16 29 26 35 48 23 20 49 26 20 14 35 23 38 38 35 31 18 51 48 45 23 24 37 38 4 16 41 43 53 23 19 40 32 39 40 36 51 20 28 51 20 45 23 30 40 28 39 26 35 27 45 11 59 34
15 17 17 30 20 17 7 16 35 37 0 29 9 18 31 17 34 9 16 7 29 31 35 17 14 34 29 24 15 36 26 16 32 21 32 16 23 17 25 24 6 38 27 15 10 37 33 16 20 24 28 22 32 25 22 31 41 22 34 6 8 18 7 35 20 17 15 24 36 18 22 35 37 7 45 25 20 36 7 7 27 5 28 24 21 33 19 40 13 19 14 12 21 7 18 11 11 17 32 30 16
37 35 22 2 28 21 29 36 13 20 29 0 31 22 28 22 13 26 35 29 26 29 17 30 31 12 3 27 34 21 24 17 29 29 29 35 28 36 49 40 30 32 16 23 33 18 14 14 29 21 51 15 10 48 29 29 22 38 32 28 33 19 28 15 44 36 33 26 18 20 24 21 18 31 29 48 16 14 29 29 43 29 22 36 13 37 41 21 35 21 20 36 12 31 26 21 24 32 22 53 36
10 12 18 31 25 18 4 10 36 40 9 30 0 19 36 18 36 10 11 5 34 36 36 22 9 35 30 29 10 40 31 17 37 26 37 11 28 12 28 26 5 39 31 19 9 41 37 17 24 25 31 25 33 27 27 36 45 25 39 5 12 19 12 38 17 12 9 29 37 19 23 39 41 6 46 28 24 37 3 13 30 5 29 19 25 36 13 44 7 23 15 15 22 10 24 12 16 13 37 32 18
25 19 3 23 32 2 18 20 25 39 18 23 20 0 38 3 25 15 19 18 36 39 25 30 16 24 22 32 19 38 33 6 39 33 39 18 34 20 38 36 19 28 30 17 22 33 26 12 32 13 41 19 22 37 34 38 37 35 41 17 22 7 18 27 33 19 19 32 26 7 9 38 33 20 35 38 22 26 19 22 40 18 17 16 21 43 30 35 24 25 11 25 14 20 29 8 20 12 37 42 28
43 43 37 29 13 38 35 43 32 20 30 29 37 38 0 38 31 30 42 35 4 4 36 18 39 34 27 15 41 18 9 36 4 14 2 42 12 44 39 22 34 56 15 26 32 23 29 30 15 44 34 25 33 39 13 3 29 21 6 34 30 38 27 32 41 43 40 12 37 39 43 17 31 33 54 43 22 33 35 26 25 34 46 47 21 14 45 34 40 18 30 30 33 32 17 34 21 41 11 49 22
25 19 3 23 31 2 17 20 26 39 18 23 20 2 38 0 26 14 19 17 35 38 26 29 16 25 22 32 20 38 33 6 39 33 39 18 33 20 37 36 18 29 29 17 22 35 27 11 32 14 40 19 23 37 34 38 39 34 41 16 22 9 18 28 32 19 19 31 27 8 11 38 34 19 36 37 21 27 18 21 39 18 19 16 21 43 30 36 23 24 11 24 14 20 28 8 19 12 37 42 27
43 41 28 14 31 26 35 42 3 18 35 14 37 26 31 26 0 32 41 35 28 31 7 32 37 5 13 29 40 18 26 23 32 31 32 41 30 42 53 43 36 31 18 27 39 12 5 22 31 21 53 19 5 52 31 31 15 40 34 34 37 21 30 3 49 42 39 28 8 22 23 19 9 36 27 53 20 3 35 31 45 35 21 41 17 39 47 12 41 23 26 40 15 37 28 27 26 37 23 58 39
18 16 14 27 20 14 9 16 33 34 9 27 12 15 29 14 31 0 15 9 27 30 33 18 12 31 26 23 14 33 24 13 30 21 30 15 23 16 29 28 10 35 24 12 14 34 30 14 20 21 32 19 29 29 22 29 38 26 32 9 14 15 6 32 24 16 13 23 33 15 20 32 34 11 42 29 17 33 10 10 31 10 25 21 18 33 22 37 15 16 12 16 18 12 18 8 9 14 30 34 20
9 3 20 36 34 19 12 2 41 47 18 35 11 19 42 20 41 15 0 11 40 43 41 31 7 40 35 37 3 46 38 22 43 35 43 4 37 2 37 35 14 44 37 26 17 47 42 22 33 30 40 30 38 37 36 43 51 34 46 12 21 24 19 43 19 5 5 36 42 24 28 45 47 15 51 37 30 42 12 21 39 14 34 11 31 45 15 50 11 30 20 24 27 18 31 17 22 9 43 41 27
13 11 16 29 24 16 3 12 34 39 8 28 6 17 34 16 34 8 11 0 32 35 34 22 8 33 28 29 10 38 29 15 35 26 35 11 27 12 27 26 7 37 29 17 12 39 35 15 24 23 30 23 31 27 27 34 43 24 38 2 12 17 10 36 20 12 9 28 35 17 22 37 39 8 44 27 22 35 4 11 29 7 27 19 23 36 17 42 10 22 13 15 20 10 23 10 14 12 35 32 18
41 41 35 26 12 36 32 41 30 17 28 27 35 36 4 35 29 27 40 32 0 4 33 16 37 32 24 12 39 16 6 34 5 12 5 40 11 41 37 21 32 54 13 24 31 20 27 28 13 42 32 22 31 37 12 4 27 20 7 32 29 36 24 29 39 41 38 10 35 37 41 15 29 32 52 42 20 30 33 24 23 31 44 45 19 12 43 32 38 16 28 28 30 30 14 31 19 38 9 47 20
44 44 38 29 14 39 35 44 33 21 31 30 38 39 4 38 32 30 43 35 4 0 36 18 40 35 27 15 42 19 9 37 2 14 4 43 13 44 40 23 35 57 16 27 33 23 30 31 16 45 35 25 34 40 14 1 30 22 6 34 31 39 27 32 41 44 41 13 38 40 44 18 32 34 55 44 23 33 36 27 25 34 47 48 22 14 45 35 41 19 31 31 33 33 17 34 22 41 12 49 22
44 42 28 18 35 26 35 42 5 22 35 18 38 27 35 27 7 32 41 35 33 36 0 37 38 8 17 34 40 23 31 23 36 36 36 41 35 42 55 47 36 31 23 32 39 17 10 22 36 21 58 24 10 55 36 35 14 45 39 34 39 22 35 8 50 42 39 33 2 22 23 24 9 37 24 55 24 5 36 36 50 36 21 41 21 44 47 10 41 28 27 42 15 37 33 27 31 37 28 60 43
28 31 29 29 5 29 21 30 33 29 17 30 24 30 18 29 32 19 31 21 16 18 37 0 28 35 27 9 30 28 15 28 19 6 19 30 8 32 24 13 19 50 20 18 17 32 30 25 5 36 24 21 34 24 7 18 38 11 21 20 15 30 15 32 25 32 29 11 38 30 34 27 34 18 55 28 18 33 22 13 17 18 40 36 18 17 29 37 25 14 22 15 30 16 6 23 11 30 22 33 10
11 7 15 32 31 16 9 8 38 44 15 32 9 16 39 17 38 11 7 8 37 40 38 29 0 36 31 33 6 43 34 19 40 32 40 6 34 8 34 33 12 41 34 22 17 43 39 19 31 26 37 26 35 34 33 39 48 31 42 9 19 20 16 39 21 7 5 33 39 21 25 42 44 13 48 34 27 39 9 18 36 12 30 12 28 43 17 47 12 26 17 22 24 17 28 14 19 8 40 39 25
42 40 26 13 33 25 34 41 4 21 34 12 36 25 34 25 5 30 40 33 31 34 8 35 36 0 12 32 39 21 29 22 35 34 35 39 33 41 53 46 35 30 21 30 38 15 8 21 34 19 56 22 4 53 34 34 17 43 37 33 38 20 33 6 48 40 38 31 9 21 22 22 11 35 23 53 23 4 34 34 48 34 20 40 20 42 46 14 39 26 25 40 13 36 31 25 29 35 26 58 42
37 35 22 3 26 21 29 36 13 18 29 3 31 22 26 21 13 26 35 29 24 27 17 28 31 12 0 24 34 19 22 17 27 26 27 35 26 36 48 38 30 32 14 22 33 15 11 14 26 21 48 13 10 48 26 26 19 36 29 28 32 19 26 14 43 36 33 23 18 20 24 19 15 30 29 49 15 14 29 27 40 29 22 36 12 35 41 18 35 18 20 36 12 31 23 21 21 31 19 54 34
35 37 31 26 5 32 27 37 30 24 23 26 30 32 14 32 28 23 36 27 12 15 33 9 33 31 24 0 35 23 10 30 15 5 15 36 6 37 31 18 26 51 15 20 24 27 27 24 6 38 28 20 30 30 5 15 33 16 17 26 22 32 20 29 32 37 34 5 35 33 37 22 31 25 52 35 16 30 28 19 20 25 41 41 15 15 36 34 32 11 24 22 28 23 8 27 15 34 17 40 15
9 5 18 35 33 19 11 4 40 46 16 34 10 19 41 20 40 14 3 10 39 42 40 30 5 39 34 36 0 45 36 21 42 34 42 5 36 5 36 35 14 43 36 25 17 46 41 21 33 29 39 29 37 36 35 41 50 33 45 11 21 23 18 42 20 6 4 35 41 23 27 44 46 15 50 36 29 41 10 20 38 14 33 13 30 45 15 49 11 29 19 23 26 18 30 16 21 9 42 41 26
47 47 39 20 24 38 38 47 20 5 36 20 41 39 18 38 18 33 46 38 16 19 23 26 43 21 18 23 45 0 17 34 19 24 19 46 23 47 48 36 40 46 12 29 41 8 17 29 25 36 46 24 20 48 24 19 15 34 22 38 37 36 31 19 49 47 44 21 25 37 38 3 16 40 43 52 22 20 39 32 38 39 36 51 21 27 51 20 44 22 30 39 29 39 24 36 27 44 10 58 33
38 38 32 24 10 33 30 38 27 18 26 24 32 34 9 33 26 25 38 30 6 9 31 14 34 29 22 10 36 17 0 32 10 10 10 37 9 39 36 22 29 52 11 22 29 21 24 26 12 40 32 20 28 35 10 9 28 20 12 29 27 34 22 27 37 39 36 7 32 34 38 16 28 30 49 40 17 28 30 21 24 29 41 42 16 17 41 31 36 13 25 27 28 28 12 29 17 36 10 45 20
24 22 7 18 30 5 16 23 22 34 16 18 18 6 36 5 22 13 22 16 34 37 22 28 18 20 17 30 21 35 31 0 37 31 37 21 32 23 35 34 17 27 26 15 20 30 23 8 30 15 39 16 19 35 32 36 34 32 39 15 20 7 16 23 30 22 20 30 23 9 13 35 29 17 32 35 18 23 16 20 38 16 17 20 18 41 28 32 22 23 9 23 9 18 27 8 18 15 34 40 26
44 44 38 30 14 39 36 44 33 21 31 30 38 39 4 39 32 31 43 36 5 2 37 19 40 35 28 16 42 20 10 38 0 15 4 43 13 45 40 23 35 57 17 28 33 24 30 31 16 46 35 26 34 40 14 1 30 23 7 35 31 39 28 33 42 44 42 13 38 40 44 19 32 35 55 44 23 34 36 27 26 35 47 48 22 15 46 36 41 19 31 31 34 33 18 35 23 42 12 50 23
32 35 32 28 2 33 25 34 32 26 21 29 27 33 13 33 31 22 35 25 12 14 36 6 32 34 26 5 34 25 10 32 14 0 14 34 4 36 28 15 23 53 17 22 21 28 29 26 3 39 26 22 33 27 3 14 35 13 17 24 19 33 19 31 29 36 33 7 37 34 38 24 33 22 54 32 18 32 26 16 18 22 43 40 17 13 33 36 28 14 26 19 31 20 7 27 14 34 19 37 12
44 44 38 30 14 39 36 44 33 21 31 30 38 39 2 39 32 31 43 36 5 4 37 19 40 35 28 16 42 20 10 37 4 15 0 43 13 45 40 23 35 57 16 27 33 24 30 31 16 45 35 26 34 40 14 4 30 23 6 35 31 39 28 33 42 44 41 13 38 40 44 19 32 34 55 44 23 34 36 27 26 35 47 48 22 15 46 36 41 19 31 31 34 33 18 35 23 42 12 50 23
11 3 18 36 34 17 12 5 41 47 17 35 11 18 42 19 41 15 4 11 40 43 41 31 6 40 35 37 5 46 37 22 43 35 43 0 37 4 37 36 15 44 37 26 19 47 42 22 33 30 40 30 38 37 36 42 51 34 46 12 22 24 19 43 22 2 7 36 42 24 26 45 47 16 51 37 30 42 11 21 39 15 34 9 31 45 18 50 14 30 20 24 27 20 31 17 22 8 43 42 27
33 36 32 27 3 33 26 35 31 25 22 28 28 33 12 33 30 23 36 26 10 12 35 7 33 33 25 5 35 23 9 31 13 3 13 35 0 36 28 14 23 52 15 21 22 27 28 25 4 39 24 21 32 28 2 12 34 12 15 25 20 33 20 30 30 37 34 6 36 34 38 22 32 23 53 33 17 31 27 17 16 23 42 41 16 10 34 35 29 13 25 19 30 21 8 28 15 35 17 38 12
8 4 20 37 35 19 13 2 42 48 18 36 12 19 44 21 42 16 2 12 41 44 42 32 8 41 36 38 5 47 39 23 45 36 45 5 38 0 38 36 15 45 38 27 18 48 43 23 34 31 41 31 39 37 37 44 52 35 47 13 22 25 20 44 20 5 6 37 43 25 28 47 48 16 52 37 31 43 12 22 40 15 35 11 33 46 16 51 12 31 21 25 28 19 32 18 23 9 45 42 28
34 37 36 50 27 37 27 36 54 51 26 49 29 38 39 37 53 28 36 27 38 40 55 24 34 54 49 31 35 50 36 36 40 28 40 36 30 37 0 28 24 58 41 36 22 53 51 36 26 44 22 42 52 5 29 40 59 27 43 26 20 37 29 54 30 37 34 33 56 38 42 49 55 23 65 10 39 55 27 26 30 24 48 44 39 38 34 58 30 36 34 15 41 22 28 31 31 37 44 20 20
32 35 35 40 15 35 25 34 44 37 24 40 27 36 22 36 42 27 35 25 21 23 47 13 32 45 38 18 34 36 22 34 23 15 23 35 13 36 28 0 23 56 28 31 21 40 41 35 14 42 17 33 44 27 13 23 46 8 26 24 19 36 27 43 29 36 33 18 49 36 41 35 45 22 64 32 29 44 26 23 7 22 46 43 29 17 33 48 28 25 33 19 40 20 18 29 23 36 28 37 9
12 15 18 31 21 18 5 14 36 40 6 30 7 19 34 18 36 10 14 7 32 34 36 18 12 35 30 25 14 39 29 17 35 22 35 15 24 15 24 23 0 39 30 19 7 41 37 17 21 25 27 25 33 24 23 34 45 21 37 6 9 19 11 38 18 16 13 27 37 19 23 39 41 2 46 24 24 37 5 10 26 1 29 23 25 33 15 44 9 22 15 11 22 7 21 12 15 17 35 29 14
47 45 31 33 52 30 39 46 32 46 39 33 41 30 57 30 32 36 45 39 55 58 32 51 41 30 33 51 44 47 52 28 58 53 58 45 53 46 59 57 40 0 45 38 43 40 33 31 53 24 62 37 29 58 53 57 44 56 60 38 43 25 39 33 54 46 43 51 33 26 27 48 39 41 42 59 39 33 40 43 61 39 16 44 38 62 51 42 45 44 32 46 27 41 49 31 41 40 51 63 49
38 38 30 16 16 30 29 38 19 13 27 16 32 31 16 30 18 24 37 29 13 16 23 18 34 21 14 15 36 12 11 27 17 17 17 37 16 38 40 28 31 44 0 20 32 15 16 21 17 34 39 15 20 39 16 16 21 26 19 29 28 30 22 19 41 38 35 13 24 31 35 11 20 31 42 44 13 20 30 23 30 30 34 42 12 24 42 23 35 13 22 31 23 30 16 27 18 35 11 49 25
26 26 16 24 20 17 18 26 28 29 15 23 20 17 26 16 27 12 25 17 24 27 31 18 22 30 21 20 24 28 21 15 27 22 27 25 22 27 36 31 19 37 19 0 22 29 25 14 21 23 38 13 28 36 22 26 33 28 29 17 19 17 10 27 32 26 23 20 33 17 22 28 29 19 44 36 11 28 18 11 34 18 27 29 12 31 30 32 24 13 9 23 19 19 17 12 8 23 26 41 25
14 19 21 34 21 22 11 16 40 42 10 34 11 22 34 22 39 13 16 11 32 35 40 19 17 38 33 26 17 41 31 20 35 23 35 19 24 17 23 23 7 42 32 22 0 43 39 21 21 28 27 28 36 23 24 34 47 21 37 11 8 22 14 41 16 20 16 28 41 22 27 40 43 5 50 22 26 40 11 12 26 7 32 26 27 33 15 46 10 24 19 10 26 4 23 15 17 22 37 27 15
47 47 36 17 28 35 39 48 13 7 36 17 41 35 23 35 12 34 47 39 20 23 17 30 43 15 15 27 46 8 21 31 24 29 24 47 28 48 51 40 40 40 14 29 42 0 10 26 28 29 50 21 14 51 28 23 9 38 26 38 38 30 31 13 52 48 45 25 18 31 32 8 10 41 37 54 21 13 40 32 42 40 29 49 18 31 51 14 45 23 28 41 23 39 27 33 27 43 15 59 36
45 43 29 14 29 28 36 43 6 16 33 14 39 28 29 28 5 31 42 36 26 29 10 30 39 8 12 27 41 17 25 24 30 29 30 42 29 44 51 41 37 33 17 25 39 10 0 23 29 22 51 18 7 51 29 29 14 39 32 35 35 23 28 6 49 43 40 26 11 23 24 17 9 38 30 51 18 6 37 29 43 37 22 42 15 37 48 12 42 21 24 39 16 37 26 28 24 38 21 56 37
25 23 12 15 26 11 17 24 22 30 17 15 19 12 30 11 22 14 23 17 28 31 22 25 19 20 14 25 22 30 26 8 31 27 31 23 26 24 36 35 18 29 21 14 21 27 23 0 26 18 39 10 19 36 27 31 31 33 34 16 21 12 17 23 31 24 21 24 23 12 16 29 27 18 33 36 13 23 17 20 38 17 19 26 12 35 29 30 23 17 8 24 8 19 22 9 16 20 28 41 27
31 34 31 29 2 32 24 33 33 27 20 29 26 32 15 32 31 21 33 24 13 15 36 4 30 34 27 6 32 26 12 31 16 3 16 33 5 34 26 14 21 52 18 21 19 30 30 25 0 38 24 22 33 26 4 15 36 12 18 23 17 32 18 32 27 34 31 8 38 33 37 25 34 20 55 30 17 33 24 15 17 21 42 39 18 15 31 37 27 14 24 17 31 19 6 26 13 33 20 36 10
33 31 15 22 38 14 24 31 21 35 24 22 27 14 44 14 21 21 30 24 42 45 21 36 27 19 22 39 29 36 40 15 45 39 45 30 40 31 44 42 25 23 34 23 28 29 22 17 38 0 47 25 18 43 40 45 33 41 48 23 28 10 25 22 39 31 28 38 22 8 9 36 28 26 31 44 27 22 25 28 46 25 11 29 27 49 36 31 30 31 17 31 16 26 35 16 26 24 39 49 34
36 39 39 49 24 39 29 38 53 48 28 49 31 40 34 39 51 31 39 29 32 35 56 22 36 54 47 28 38 47 33 38 35 25 35 39 24 40 22 17 27 60 39 37 25 50 50 39 23 46 0 40 53 21 24 34 57 19 37 28 23 40 31 52 33 40 37 29 58 40 45 46 54 26 67 31 37 53 30 28 18 26 50 47 38 31 37 57 32 34 37 22 43 24 26 33 30 40 40 38 15
33 31 20 16 22 19 24 31 21 25 22 15 27 20 25 19 20 20 31 24 23 26 25 22 27 23 14 21 30 24 20 17 26 23 26 30 22 32 42 34 25 37 15 13 29 22 18 10 22 26 43 0 22 42 23 26 26 31 29 24 26 20 18 20 39 32 29 20 26 20 24 23 22 26 40 42 8 21 25 19 37 25 27 33 6 31 37 25 30 14 11 29 15 27 19 17 14 27 22 47 28
40 38 25 11 32 23 32 39 5 19 32 11 34 23 32 24 5 29 38 32 30 33 10 34 34 4 10 31 37 20 28 20 33 33 33 38 32 39 52 44 33 28 20 29 36 14 6 19 33 18 55 21 0 51 33 33 18 42 36 31 36 19 32 7 47 39 36 30 10 19 20 21 13 34 25 52 22 6 33 33 47 32 18 38 18 41 44 16 38 25 24 39 12 34 30 24 28 34 25 56 40
34 37 36 49 27 37 27 36 54 51 25 49 29 37 39 37 53 28 36 27 38 40 55 24 34 53 48 31 35 50 36 36 40 28 40 36 30 37 5 28 24 58 41 36 22 53 51 36 26 43 22 42 52 0 29 39 59 27 43 26 20 37 29 54 30 37 34 33 56 38 42 49 55 23 65 13 39 55 27 26 29 24 47 44 39 38 34 58 30 36 34 15 41 22 28 31 31 37 44 21 20
33 36 33 29 3 34 26 35 32 26 22 29 28 34 14 34 31 23 36 26 12 14 36 7 33 34 27 5 35 25 11 33 15 3 15 35 3 37 28 13 23 54 17 23 22 29 30 27 4 40 24 23 33 28 0 14 35 11 17 25 20 34 20 32 30 37 34 7 38 35 39 24 34 23 55 33 19 33 27 17 16 23 44 41 18 13 34 37 29 14 27 19 31 21 8 28 15 35 19 38 12
43 43 37 29 14 38 35 43 32 20 31 29 37 39 4 38 31 30 43 35 4 1 36 18 39 34 27 15 42 19 9 37 2 14 4 42 13 44 39 23 34 57 16 27 33 23 29 31 15 45 34 25 33 39 14 0 29 22 6 34 31 39 27 32 41 44 41 12 37 39 43 18 31 34 55 43 22 33 36 26 25 34 46 47 21 14 45 35 40 18 30 30 33 32 17 34 22 41 12 49 22
52 52 40 22 34 39 44 52 15 13 41 22 46 39 29 39 15 39 51 44 27 29 13 36 48 16 19 33 50 14 27 35 30 35 30 51 34 53 58 46 45 44 20 33 47 9 14 31 35 33 57 26 18 57 35 29 0 44 32 43 43 34 36 14 57 52 50 31 15 34 36 15 7 45 37 59 26 15 44 37 49 44 33 53 23 37 56 8 50 29 32 47 27 44 33 37 32 48 21 64 43
31 34 34 38 13 34 24 33 42 36 23 38 26 35 21 34 41 26 33 24 20 22 45 11 31 44 36 16 32 34 20 33 22 13 22 33 11 34 26 8 21 55 26 28 19 38 39 33 12 41 19 31 43 26 12 22 44 0 25 23 17 35 24 41 28 34 32 17 47 35 39 33 43 21 62 30 27 42 25 20 12 21 45 42 27 18 32 46 27 23 31 17 38 19 15 28 21 34 28 36 8
47 46 41 32 17 41 38 47 36 23 34 32 41 42 6 41 34 33 46 38 7 6 39 21 42 37 30 18 45 22 12 40 7 17 6 46 16 47 42 25 37 60 19 30 36 26 33 34 18 48 37 28 36 42 17 6 33 25 0 37 34 42 30 35 44 47 44 15 41 42 47 21 35 37 58 47 25 36 39 29 28 37 50 50 24 16 48 38 43 22 33 33 36 35 20 37 25 44 15 52 25
14 13 14 27 23 15 3 13 33 37 6 27 7 15 33 15 33 6 12 2 31 33 33 20 9 31 27 27 11 36 28 14 34 24 34 12 26 14 26 25 6 36 28 16 11 37 33 14 23 21 29 21 30 26 25 33 42 23 36 0 11 15 9 34 21 13 10 26 34 16 20 36 38 7 43 26 21 34 4 10 28 6 25 20 22 34 18 40 12 20 12 13 19 9 21 9 12 13 34 31 16
19 21 21 34 18 22 11 21 37 38 8 34 14 22 31 22 36 13 21 11 29 31 40 15 18 38 32 22 20 37 26 21 31 19 31 21 21 22 20 20 9 42 28 19 8 38 34 21 18 28 24 25 36 20 20 31 43 18 34 11 0 22 12 37 16 22 19 23 41 23 27 36 38 8 50 19 22 38 12 9 23 8 32 29 23 30 20 41 15 19 19 7 26 5 17 16 14 22 33 24 12
26 24 9 20 31 8 17 24 22 36 18 19 20 8 38 8 22 14 24 17 36 38 22 29 20 20 19 32 22 37 33 7 39 33 39 23 33 25 37 36 18 25 29 17 22 30 23 11 32 10 40 18 19 37 34 38 34 34 41 17 22 0 18 23 32 25 22 31 23 4 9 37 29 19 31 37 21 23 18 21 39 18 14 23 20 43 30 32 23 25 11 24 10 20 28 10 19 18 36 42 28
19 20 17 27 17 18 11 20 31 32 6 28 13 18 27 18 30 6 20 11 24 27 34 15 16 33 25 21 19 31 22 17 28 19 28 20 21 21 29 27 11 39 22 10 14 32 28 17 18 24 32 17 31 29 20 27 36 24 30 10 12 18 0 30 25 21 18 20 36 19 23 30 32 12 46 30 15 31 11 6 31 11 28 25 16 30 23 35 17 14 12 17 22 12 16 12 7 19 28 35 20
45 43 29 16 31 28 36 43 4 18 35 15 39 28 31 28 3 33 43 36 29 32 8 33 39 6 14 29 42 19 27 25 32 32 32 42 31 44 53 43 37 33 19 28 41 12 6 24 31 22 53 20 7 53 32 31 14 41 34 36 37 23 31 0 51 43 41 29 9 24 25 20 9 38 28 54 20 4 37 32 46 37 23 43 17 40 49 11 42 23 27 41 16 39 29 28 26 38 24 59 39
14 21 30 44 29 31 19 19 49 52 19 43 18 32 42 31 49 22 19 20 40 43 49 27 21 48 43 34 20 51 39 30 43 31 43 22 32 20 30 31 18 52 42 32 15 53 49 30 29 37 35 37 46 30 32 42 57 29 45 20 16 31 24 51 0 23 19 36 50 32 36 50 53 17 59 29 36 50 18 22 34 18 42 29 37 41 9 56 12 34 28 17 35 16 31 25 27 27 47 34 23
12 4 19 37 35 18 13 5 42 48 18 36 12 18 43 20 42 16 5 12 41 44 42 32 7 41 36 38 6 47 39 22 44 36 44 2 38 5 38 37 16 45 38 27 20 48 43 23 35 31 41 31 39 38 37 44 52 35 47 13 23 25 20 44 23 0 8 37 43 24 27 46 48 17 52 38 31 43 12 22 40 16 35 10 32 46 19 51 15 31 21 25 28 21 32 18 23 9 44 43 28
9 7 18 34 32 19 10 6 39 45 16 33 9 19 41 20 39 13 5 9 38 41 40 29 5 38 33 35 4 44 36 20 42 33 42 7 35 6 35 34 13 42 35 24 16 45 40 20 32 28 38 28 36 35 34 41 49 32 44 10 20 22 17 41 19 8 0 34 40 22 27 44 45 14 49 35 28 40 10 19 37 13 32 15 30 43 15 48 11 28 19 22 25 18 29 15 20 11 42 40 25
35 36 31 25 6 31 27 36 29 23 23 26 29 32 12 31 28 23 36 27 10 13 33 10 32 31 23 5 35 21 7 30 13 6 13 36 5 37 31 17 26 50 13 20 24 25 26 24 7 38 28 19 30 31 6 12 32 16 15 26 22 32 20 28 33 37 34 0 34 32 36 20 30 26 51 35 15 29 27 18 20 26 40 40 14 15 37 33 32 11 23 22 28 24 8 27 15 34 16 41 16
44 42 29 19 37 27 36 43 6 24 36 19 38 27 37 27 8 33 42 36 34 37 2 38 38 8 18 35 41 25 33 24 38 37 38 42 36 43 56 49 37 32 24 33 40 18 11 23 37 22 59 26 10 55 37 37 15 46 40 35 40 22 36 9 50 43 40 34 0 23 24 25 11 37 25 55 26 6 36 37 51 36 22 42 23 45 48 12 42 29 28 43 16 38 34 28 32 38 29 60 45
27 25 9 21 32 8 18 25 22 36 18 20 21 8 39 8 22 15 24 18 36 39 22 30 21 21 20 33 23 37 34 9 40 33 40 24 34 25 38 36 19 25 30 18 23 30 23 12 32 7 41 19 19 38 34 39 34 35 42 17 22 4 19 24 33 24 22 32 23 0 5 38 30 20 32 38 22 23 19 22 40 19 13 22 21 44 30 32 24 25 12 25 11 21 29 10 20 18 37 43 28
31 27 12 25 36 10 22 28 23 37 23 24 25 10 43 11 23 19 28 22 41 43 23 34 24 22 24 37 27 38 38 13 44 38 44 26 38 28 42 41 23 26 34 22 27 32 24 16 37 9 45 23 20 42 39 43 35 39 46 21 27 8 23 25 37 27 27 36 24 5 0 39 31 24 33 42 26 24 23 26 44 23 14 25 25 48 35 33 28 29 16 29 16 25 33 15 24 21 41 47 32
46 46 38 21 23 38 38 46 20 3 35 21 40 39 17 38 19 33 45 38 15 18 24 26 42 22 19 22 44 3 16 35 18 23 18 45 22 47 47 35 39 47 11 28 40 9 17 29 24 37 45 24 21 47 23 18 15 33 21 37 36 37 30 20 48 46 43 20 25 38 39 0 17 39 44 51 22 21 38 31 37 38 37 50 20 26 50 20 44 21 30 38 30 38 23 35 26 44 9 57 32
49 48 35 18 33 34 40 48 9 15 37 18 42 34 31 34 9 35 48 40 29 32 9 34 44 11 16 31 46 16 28 31 32 33 32 47 33 49 55 45 41 39 20 29 43 10 9 27 33 28 55 22 13 55 33 31 7 42 34 39 39 29 32 8 53 48 46 30 11 30 31 17 0 42 33 55 22 9 41 33 47 40 28 49 19 40 52 6 46 25 28 43 22 41 30 33 28 44 23 60 41
13 16 18 31 21 19 6 14 37 41 7 31 8 19 33 19 37 10 14 8 32 34 37 18 13 35 30 25 15 40 30 18 34 22 34 16 24 15 24 22 2 40 31 20 5 41 37 18 20 25 27 25 34 23 23 33 45 21 37 7 8 19 12 38 19 17 14 27 38 20 24 39 41 0 47 24 24 38 6 11 26 2 29 24 26 32 15 44 9 23 16 11 23 6 22 13 16 18 36 28 14
54 52 38 30 53 36 45 52 25 42 46 29 48 36 53 36 27 42 51 45 51 54 23 54 48 23 29 52 50 43 49 33 54 54 54 51 53 53 65 64 46 41 41 44 50 36 29 33 53 31 68 39 25 65 54 53 37 62 57 44 50 31 46 28 60 52 49 51 24 32 33 44 32 47 0 65 41 26 46 49 67 46 31 51 39 62 58 33 51 46 38 52 26 48 51 38 45 47 47 70 55
33 36 36 49 30 36 26 35 54 54 25 48 28 37 43 36 53 28 35 26 41 44 54 28 33 53 48 35 34 54 40 35 44 32 44 35 33 36 10 32 23 57 45 36 21 55 51 35 30 43 31 42 51 13 33 43 59 30 47 25 19 37 29 53 29 36 34 37 55 37 41 53 55 23 64 0 39 54 26 26 34 23 47 43 39 42 33 58 29 36 33 15 40 21 32 30 31 36 48 15 24
31 31 21 17 17 21 23 31 20 23 20 17 25 22 22 21 19 18 30 23 20 23 24 18 27 22 15 16 29 23 17 18 23 18 23 30 17 32 38 29 24 39 14 11 27 21 17 12 18 28 39 7 21 38 18 22 26 27 25 22 23 21 15 20 37 31 28 16 25 22 26 22 21 24 42 39 0 21 23 16 32 23 29 35 4 27 35 24 29 9 13 26 17 24 14 18 11 28 22 44 24
44 42 29 15 32 27 36 43 2 19 36 15 38 27 32 27 3 33 42 36 30 33 5 34 38 4 14 30 41 20 28 24 33 33 33 42 32 43 54 44 37 32 20 29 40 13 6 23 32 22 54 21 6 54 33 32 15 42 35 35 38 22 32 4 50 43 40 30 6 23 24 21 9 37 26 55 21 0 36 33 47 36 22 42 18 41 48 12 42 24 28 42 16 38 30 28 27 38 25 60 40
12 12 17 30 25 17 3 11 35 40 8 29 4 18 35 17 35 9 12 4 33 36 35 22 9 34 29 29 10 39 30 16 36 26 36 11 27 13 27 26 5 38 30 18 11 40 36 16 24 24 30 24 32 27 27 35 44 24 38 4 12 18 11 37 19 12 10 29 36 18 22 38 40 6 45 27 23 36 0 12 29 5 28 20 24 36 16 43 9 22 14 15 21 10 23 11 15 13 36 32 18
20 21 21 28 15 21 11 21 32 32 7 29 14 22 26 21 31 11 21 11 24 26 36 13 18 34 26 19 20 31 21 20 27 16 27 21 18 22 27 24 11 42 22 11 13 33 29 20 15 28 29 19 33 27 17 26 37 20 29 10 10 22 6 31 24 22 19 19 37 22 27 31 33 11 49 27 16 32 12 0 27 11 32 29 17 28 23 36 17 14 15 14 25 10 13 15 7 22 27 32 17
36 39 38 43 18 39 29 38 46 40 27 43 31 39 25 39 45 30 38 29 24 26 50 17 35 48 41 21 37 39 25 38 26 18 26 38 16 39 29 7 26 60 31 35 24 43 44 38 17 45 18 37 47 29 16 25 49 12 29 28 22 39 31 46 32 39 36 21 51 40 44 38 48 25 67 34 33 47 29 27 0 26 49 46 32 17 36 51 32 28 36 22 43 24 21 33 27 39 31 41 13
13 15 17 30 21 18 5 14 36 40 6 30 7 18 33 18 36 9 14 7 31 34 36 18 12 34 29 25 14 39 29 17 34 22 34 14 24 15 24 22 1 38 30 19 6 40 36 17 20 24 27 24 33 23 23 34 44 21 37 6 8 18 10 37 18 16 13 27 37 19 23 38 40 2 46 24 23 37 5 10 26 0 28 23 24 32 15 43 9 21 15 11 22 6 21 12 15 17 35 29 14
37 35 20 23 42 19 28 35 21 35 28 23 31 19 46 19 21 25 34 28 44 47 21 40 31 20 22 41 33 36 42 17 47 43 47 34 42 36 48 47 29 15 34 28 33 30 22 20 42 11 51 26 18 48 43 47 34 45 50 27 33 15 29 23 43 35 32 40 22 14 15 37 29 30 31 48 29 22 29 32 50 29 0 34 28 51 40 31 34 33 22 35 16 31 38 20 30 29 40 53 38
18 10 17 37 39 16 20 12 41 52 25 37 20 16 47 17 40 21 11 19 45 48 41 37 12 39 36 41 13 51 42 20 48 40 48 9 42 11 45 43 23 43 42 30 27 49 41 26 39 28 48 33 37 45 41 47 53 42 50 20 29 23 25 42 29 10 14 41 41 22 25 50 48 24 51 45 35 41 20 29 47 23 33 0 35 51 25 50 21 34 24 32 28 28 36 19 27 8 48 50 35
32 32 21 14 17 20 23 32 17 21 20 14 26 21 21 21 16 18 31 23 18 21 21 18 28 19 11 15 30 20 16 18 22 17 22 31 16 32 38 29 24 37 11 12 27 18 14 11 17 27 39 6 18 38 17 21 22 26 24 23 22 21 16 16 37 32 29 14 22 21 26 20 18 25 39 39 4 17 24 17 31 24 27 34 0 26 36 21 29 9 13 26 14 24 14 18 12 28 19 44 24
42 45 42 36 12 43 35 44 40 29 31 36 37 43 14 42 38 33 45 35 12 15 43 16 42 41 34 15 44 27 17 41 15 13 15 45 11 46 38 17 33 62 23 31 31 32 37 35 14 49 31 31 40 37 12 14 38 18 17 34 29 43 29 39 39 46 43 15 45 44 48 26 40 32 62 42 27 40 36 27 17 32 52 51 26 0 43 44 38 22 35 29 39 30 18 37 25 44 20 47 20
10 17 28 41 32 29 16 14 47 51 20 41 14 29 45 29 46 20 15 17 43 46 47 30 16 45 40 37 15 50 42 27 46 34 46 18 35 16 35 34 15 49 41 30 15 51 47 28 32 35 38 35 43 35 35 45 55 32 48 17 20 29 23 48 9 19 14 39 48 29 34 49 51 16 57 34 34 47 15 24 37 15 39 25 35 44 0 54 8 34 26 21 33 16 34 22 26 22 47 39 26
52 51 38 21 36 36 43 51 12 19 40 21 45 36 34 36 12 38 51 43 32 35 10 37 47 14 19 34 49 20 32 33 35 36 35 50 35 52 58 48 44 41 24 32 46 14 12 30 36 31 58 25 16 58 36 35 8 45 38 42 42 31 35 11 56 51 49 33 12 32 33 20 6 45 34 58 25 12 44 36 50 43 31 51 22 43 55 0 49 28 31 46 25 44 33 36 31 47 26 63 44
6 13 22 35 28 22 9 10 40 45 13 34 8 23 40 22 40 14 10 10 38 41 40 25 12 39 34 32 11 44 35 21 41 29 41 14 30 11 30 29 9 43 35 23 10 45 41 21 27 29 33 29 37 30 30 40 49 27 43 10 16 23 16 42 12 14 10 34 41 23 27 43 45 9 50 30 28 41 9 17 33 9 33 20 29 39 9 48 0 27 19 17 26 12 28 16 20 18 41 35 21
31 30 24 21 13 24 22 31 24 22 18 21 25 25 17 24 23 17 30 22 14 17 28 14 26 26 19 11 29 20 12 23 18 13 18 30 12 31 35 25 22 43 12 13 24 24 21 17 13 31 35 13 25 35 13 17 29 22 20 21 20 25 14 24 34 31 28 10 29 25 29 20 25 23 46 36 8 25 23 14 27 22 33 34 9 22 34 28 28 0 16 23 22 21 10 20 9 28 16 41 21
25 23 12 21 24 13 16 23 27 31 16 21 19 13 30 13 26 12 23 16 28 30 27 22 19 25 20 24 22 30 25 11 31 25 31 22 25 24 36 34 17 34 21 9 21 28 24 8 24 20 39 11 24 36 26 30 32 32 33 16 21 13 12 27 31 24 21 23 28 14 18 30 28 18 38 36 13 28 17 15 38 17 24 25 13 35 29 31 22 17 0 23 13 19 21 9 12 19 29 41 27
21 24 23 36 17 24 14 23 42 42 12 36 16 24 30 24 41 15 23 13 28 31 42 14 20 40 35 22 22 40 27 23 31 19 31 23 20 24 15 19 11 45 32 24 9 43 39 23 17 30 23 29 39 15 20 30 47 17 33 13 7 24 17 41 17 24 21 24 43 25 29 39 43 10 52 16 26 42 14 14 22 10 34 31 27 29 21 46 17 24 21 0 28 9 19 18 18 24 35 21 11
30 28 14 13 30 13 21 28 15 29 21 13 23 14 33 14 15 18 27 21 30 33 15 30 24 13 12 28 26 30 28 9 34 30 34 27 29 28 41 39 22 27 23 19 25 23 16 8 30 17 44 14 12 40 30 33 27 38 36 20 25 11 22 16 36 28 25 27 16 12 16 30 22 23 26 41 17 16 22 25 43 22 17 28 14 39 33 25 27 21 13 28 0 23 26 13 20 23 30 46 31
15 19 19 32 19 19 9 17 38 39 7 32 11 20 32 20 37 11 18 9 30 32 38 16 16 36 31 24 18 38 28 18 33 20 33 19 22 19 22 21 7 40 30 19 4 40 36 19 19 26 25 26 34 22 21 32 44 19 35 8 5 20 12 38 17 20 17 25 38 20 25 38 40 6 48 22 24 38 10 10 24 6 30 27 24 31 16 43 11 21 17 9 23 0 20 13 15 20 34 27 13
31 31 28 25 6 28 22 31 29 26 18 25 24 29 17 28 27 18 31 22 15 17 32 6 27 30 23 8 30 24 12 27 18 7 18 31 9 32 28 17 21 49 16 18 21 28 26 22 6 35 27 18 29 28 8 17 34 15 20 21 18 29 15 28 30 32 29 8 34 29 34 23 30 22 51 32 14 29 23 13 21 21 38 36 14 18 34 33 28 10 21 19 27 20 0 22 10 29 19 38 13
20 18 7 22 25 8 11 18 27 36 12 22 14 8 33 8 27 8 17 11 31 34 27 23 13 26 21 28 16 35 28 8 34 26 34 17 28 19 31 30 12 30 27 12 16 33 28 9 25 16 34 16 24 31 27 33 37 28 37 10 16 10 12 29 26 18 15 27 28 10 14 35 33 13 37 31 18 28 12 15 33 12 20 18 18 38 23 36 17 20 6 18 13 14 22 0 13 13 34 36 21
23 22 19 23 13 19 14 23 27 27 11 23 17 20 22 19 26 9 22 14 19 22 30 11 18 29 21 16 21 27 17 18 23 14 23 22 16 23 31 23 15 40 18 9 18 28 24 16 13 26 32 13 27 31 15 22 32 21 25 13 14 20 7 26 28 23 20 15 32 20 24 26 28 16 46 31 11 27 15 7 27 15 30 26 12 26 27 31 20 9 12 18 21 15 10 13 0 20 23 36 18
16 9 13 33 32 11 12 10 36 45 18 32 14 12 41 13 36 14 9 12 38 41 36 30 8 35 32 35 10 44 36 16 42 34 42 8 36 9 38 37 17 39 35 23 22 44 37 20 33 24 41 27 33 38 35 41 48 35 44 12 23 18 18 38 27 8 11 34 37 18 20 44 44 17 46 38 28 37 13 22 40 16 29 8 29 45 23 46 19 28 17 25 24 21 29 13 20 0 42 43 28
44 43 37 21 18 36 35 44 25 11 31 22 38 37 11 36 24 30 43 35 9 12 29 21 39 27 19 18 42 10 10 34 12 19 12 43 18 44 43 28 35 50 11 26 36 15 22 27 20 39 40 22 26 42 18 11 21 27 14 34 33 37 28 24 44 44 41 15 30 37 41 9 23 36 47 47 21 25 36 27 31 35 40 48 19 20 48 26 41 17 28 34 30 34 19 33 22 41 0 52 28
38 41 41 54 37 41 31 40 59 60 30 53 33 42 50 41 58 33 40 31 48 50 59 34 38 58 53 41 40 59 47 40 50 38 50 40 40 41 21 38 28 62 50 41 27 60 56 40 36 48 39 47 56 21 39 50 64 37 53 30 24 42 34 59 34 42 39 43 60 42 46 58 60 28 69 15 44 60 32 31 42 28 52 49 44 48 38 63 34 41 38 20 45 26 38 35 36 42 54 0 30
25 28 28 37 12 28 18 27 41 36 17 38 20 29 22 28 40 20 27 18 20 23 44 10 25 43 35 17 26 35 21 27 23 14 23 27 12 28 20 9 15 49 27 26 14 39 38 27 11 35 15 28 42 20 12 22 45 7 26 17 12 29 20 40 22 29 26 17 46 29 33 34 42 15 56 24 25 41 19 17 12 15 39 36 26 20 26 45 21 22 25 11 32 13 14 22 18 29 28 30 0
EOF