NAME: pdptw-n20-ber2
LOCATION: Berlin
COMMENT:  ber20-1
TYPE: PDPTW
SIZE: 101
DISTRIBUTION: cluster-random (10 / 1.2)
DEPOT: random
ROUTE-TIME: 5000
TIME-WINDOW: 240
CAPACITY: 100
NODES
0 52.47009910 13.30162450 0 0 5000 0 0 0
1 52.56841130 13.36713020 56 1543 1783 5 0 51
2 52.49451140 13.40432000 25 0 5000 5 0 52
3 52.51639320 13.56111140 37 2138 2378 5 0 53
4 52.49510120 13.34046540 19 2833 3073 5 0 54
5 52.49992880 13.31512020 44 735 975 5 0 55
6 52.48753810 13.36464690 51 2020 2260 5 0 56
7 52.44897210 13.63824470 23 2867 3107 5 0 57
8 52.43005750 13.38722510 30 0 5000 5 0 58
9 52.53511360 13.40472840 22 1985 2225 5 0 59
10 52.57153050 13.33605550 32 3746 3986 5 0 60
11 52.52221340 13.38322380 43 4850 5000 5 0 61
12 52.49779900 13.41377190 54 686 926 5 0 62
13 52.49676770 13.33231630 14 4446 4686 5 0 63
14 52.53965400 13.55486480 42 4600 4840 5 0 64
15 52.56823010 13.37177820 54 2904 3144 5 0 65
16 52.42321900 13.38477410 60 3196 3436 5 0 66
17 52.50592770 13.37628580 58 1627 1867 5 0 67
18 52.52293360 13.36071190 47 323 563 5 0 68
19 52.49365150 13.31416950 56 3693 3933 5 0 69
20 52.43227850 13.37947410 17 1396 1636 5 0 70
21 52.56689230 13.34287880 14 0 234 5 0 71
22 52.49444680 13.40287450 29 2964 3204 5 0 72
23 52.44860970 13.63343020 51 1780 2020 5 0 73
24 52.57462400 13.35734480 10 4491 4731 5 0 74
25 52.52117480 13.55030700 27 3880 4120 5 0 75
26 52.42900760 13.38528610 20 506 746 5 0 76
27 52.49127380 13.36379850 40 2089 2329 5 0 77
28 52.49295650 13.39624490 46 3717 3957 5 0 78
29 52.41681540 13.38354870 17 1301 1541 5 0 79
30 52.49180020 13.34164490 17 3047 3287 5 0 80
31 52.45935220 13.38144500 18 4541 4781 5 0 81
32 52.56149060 13.39442920 30 3106 3346 5 0 82
33 52.44792060 13.61822860 18 3958 4198 5 0 83
34 52.56116870 13.34936880 17 707 947 5 0 84
35 52.48933570 13.32502350 28 4778 5000 5 0 85
36 52.49508570 13.30908800 35 4055 4295 5 0 86
37 52.48717080 13.39694960 33 1822 2062 5 0 87
38 52.54338300 13.42185410 10 3314 3554 5 0 88
39 52.47585730 13.43072600 59 0 5000 5 0 89
40 52.50275010 13.57370830 45 3456 3696 5 0 90
41 52.42524010 13.40198360 48 0 5000 5 0 91
42 52.57497160 13.33223940 11 2833 3073 5 0 92
43 52.42600110 13.44185990 53 2494 2734 5 0 93
44 52.52937260 13.62783820 60 389 629 5 0 94
45 52.44724660 13.35618650 14 2849 3089 5 0 95
46 52.54653770 13.57625510 45 2020 2260 5 0 96
47 52.58089570 13.34368020 41 2296 2536 5 0 97
48 52.52474590 13.52230220 33 3100 3340 5 0 98
49 52.60305760 13.33698550 25 4001 4241 5 0 99
50 52.41500050 13.39472130 37 313 553 5 0 100
51 52.49640270 13.33712200 -56 1567 1807 5 1 0
52 52.46433390 13.32349910 -25 0 5000 5 2 0
53 52.43325220 13.43300980 -37 2176 2416 5 3 0
54 52.55688530 13.20285100 -19 2866 3106 5 4 0
55 52.47630430 13.37112490 -44 753 993 5 5 0
56 52.49618650 13.58201900 -51 2056 2296 5 6 0
57 52.58899480 13.28082360 -23 2943 3183 5 7 0
58 52.57202430 13.33119460 -30 0 5000 5 8 0
59 52.44597980 13.40979640 -22 2019 2259 5 9 0
60 52.49424440 13.34683300 -32 4011 4251 5 10 0
61 52.48565860 13.32366720 -43 4868 4994 5 11 0
62 52.45217660 13.63042730 -54 733 973 5 12 0
63 52.44342120 13.71232310 -14 4499 4739 5 13 0
64 52.50794120 13.23505290 -42 4658 4898 5 14 0
65 52.57554910 13.31685860 -54 2918 3158 5 15 0
66 52.55651820 13.42153920 -60 3239 3479 5 16 0
67 52.52861500 13.55093680 -58 1659 1899 5 17 0
68 52.56800300 13.31899110 -47 343 583 5 18 0
69 52.57137960 13.35629520 -56 3717 3957 5 19 0
70 52.43154280 13.32227770 -17 1413 1653 5 20 0
71 52.44747600 13.64278450 -14 289 529 5 21 0
72 52.42233000 13.35893710 -29 2993 3233 5 22 0
73 52.45137110 13.35418030 -51 1823 2063 5 23 0
74 52.49007970 13.52841690 -10 4527 4767 5 24 0
75 52.61578500 13.22256610 -27 3943 4183 5 25 0
76 52.41858240 13.15587870 -20 551 791 5 26 0
77 52.43896730 13.24357560 -40 2113 2353 5 27 0
78 52.53666460 13.40742690 -46 3739 3979 5 28 0
79 52.48974380 13.38822880 -17 1326 1566 5 29 0
80 52.59043110 13.44058730 -17 3090 3330 5 30 0
81 52.45643470 13.12231920 -18 4584 4824 5 31 0
82 52.43908530 13.33214990 -30 3381 3621 5 32 0
83 52.42657540 13.21823070 -18 4012 4252 5 33 0
84 52.49290510 13.45296900 -17 735 975 5 34 0
85 52.61473000 13.48669560 -28 4818 4962 5 35 0
86 52.62828360 13.30372790 -35 4086 4326 5 36 0
87 52.44389560 13.45208390 -33 1843 2083 5 37 0
88 52.53738300 13.41888940 -10 3322 3562 5 38 0
89 52.44153140 13.54838890 -59 0 5000 5 39 0
90 52.44273000 13.26819520 -45 3506 3746 5 40 0
91 52.59276610 13.33779250 -48 0 5000 5 41 0
92 52.52732110 13.19888540 -11 2860 3100 5 42 0
93 52.52723810 13.17921950 -53 2534 2774 5 43 0
94 52.53800490 13.39584760 -60 438 678 5 44 0
95 52.41208260 13.50105810 -14 2879 3119 5 45 0
96 52.56074360 13.38654760 -45 2060 2300 5 46 0
97 52.55397010 13.50211440 -41 2326 2566 5 47 0
98 52.56192670 13.34496620 -33 3133 3373 5 48 0
99 52.53600520 13.39792400 -25 4025 4265 5 49 0
100 52.50435580 13.43321720 -37 345 585 5 50 0
EDGES
0 21 17 39 9 8 11 40 18 22 19 17 19 8 41 21 19 15 15 7 16 18 17 39 21 38 17 11 16 20 9 12 23 37 19 7 6 15 25 18 38 20 18 20 47 11 43 21 35 23 21 9 5 18 24 12 40 20 18 16 9 7 39 47 14 17 27 38 17 20 12 40 17 11 32 28 22 13 23 14 31 33 11 18 22 38 28 17 24 27 10 22 21 22 21 24 22 34 19 22 23
21 0 19 33 19 18 20 49 32 11 7 12 20 19 33 2 34 15 13 20 32 4 18 48 4 31 33 20 18 35 19 25 7 47 5 20 19 21 13 26 32 34 7 33 41 27 33 6 26 11 35 19 22 31 25 22 34 13 7 29 18 21 49 57 21 8 12 30 8 3 30 49 33 27 30 22 30 27 12 19 13 39 28 29 23 21 17 30 14 40 26 8 25 26 9 37 7 22 6 10 20
17 18 0 23 11 13 8 36 18 12 23 10 3 12 25 18 20 6 12 14 18 20 1 35 20 22 19 8 3 21 11 11 18 33 19 13 14 5 12 9 22 20 21 19 31 16 27 22 19 27 22 11 16 17 33 10 24 27 21 15 10 13 36 44 23 23 15 22 21 20 20 36 21 17 20 36 31 24 14 5 23 42 19 29 9 27 33 14 11 23 22 24 30 31 12 21 17 19 19 12 7
38 31 23 0 31 32 29 27 37 22 36 24 23 31 8 30 39 25 27 34 37 33 22 26 33 4 38 29 24 40 31 32 28 24 32 33 34 26 21 25 8 39 35 34 14 37 9 35 7 39 41 31 37 33 49 30 10 42 35 34 31 34 26 34 40 37 23 6 35 32 41 27 40 37 10 51 51 45 24 26 26 59 40 50 18 31 46 30 21 21 43 37 47 48 23 31 28 13 33 23 19
9 19 10 32 0 5 6 39 18 16 20 11 13 2 35 19 19 8 9 5 17 19 11 38 21 32 18 6 9 20 2 11 20 36 18 4 5 11 18 16 31 20 19 20 40 12 36 22 28 24 22 2 9 17 25 11 34 21 19 15 2 5 38 47 15 18 21 32 18 20 15 39 19 12 29 29 23 19 17 9 28 34 13 22 19 34 29 17 17 26 16 23 22 23 14 23 19 27 18 15 16
7 18 13 33 6 0 10 40 19 17 18 12 15 5 35 18 21 9 10 3 18 17 13 39 20 32 20 9 12 22 6 13 20 37 17 5 3 14 19 18 32 21 17 21 41 14 37 20 29 21 23 5 8 19 23 13 35 19 16 17 6 5 40 48 12 15 22 33 15 19 16 40 20 14 30 27 21 17 18 12 28 31 15 21 20 34 27 18 18 27 14 20 19 20 15 25 19 28 17 16 18
11 20 7 30 6 10 0 38 17 16 23 11 10 7 32 20 19 7 11 8 17 21 8 37 22 29 18 3 7 20 5 11 20 35 20 7 8 7 18 12 29 19 21 19 37 13 34 24 26 27 21 6 10 17 28 7 31 24 21 14 5 7 38 46 18 21 20 29 21 22 16 38 19 13 26 32 26 20 18 5 28 37 14 24 15 33 32 16 16 25 17 26 25 26 15 23 19 25 20 16 14
40 48 35 25 39 40 38 0 38 40 52 41 35 39 30 48 39 39 44 39 38 50 36 2 50 26 39 39 36 39 38 34 45 5 49 39 39 36 39 31 22 37 51 31 26 37 29 52 27 55 37 39 39 32 56 35 19 53 50 35 38 39 3 11 47 49 41 28 49 50 43 2 41 38 20 61 55 48 42 36 45 65 42 52 29 50 60 29 38 16 45 54 53 55 41 26 46 33 50 40 31
18 32 17 39 19 20 17 38 0 27 31 22 20 19 41 32 5 18 24 19 4 30 18 37 33 38 1 18 17 6 17 8 32 35 31 19 18 15 28 16 38 5 30 11 47 8 43 33 35 35 7 19 14 11 36 13 37 32 30 8 17 18 37 45 26 29 31 38 29 32 13 38 6 9 30 40 33 22 28 15 38 45 12 26 21 43 40 12 27 25 19 34 33 34 25 19 31 35 31 26 23
22 11 12 24 16 17 16 40 27 0 16 7 13 15 26 10 29 11 9 18 27 13 12 39 13 23 28 16 13 30 16 20 10 38 12 17 18 16 5 19 23 29 16 28 32 25 27 15 19 20 30 15 22 26 30 18 25 22 16 24 15 19 40 48 24 17 7 23 16 12 28 40 30 25 21 31 34 31 2 14 15 43 26 34 14 21 26 24 5 31 29 17 29 31 3 31 9 16 13 2 11
19 7 23 37 20 18 22 51 31 17 0 16 23 19 36 8 32 19 14 18 30 5 22 51 6 34 31 21 22 33 20 24 12 49 7 19 17 24 18 29 37 33 2 32 45 25 37 5 30 9 34 20 20 30 23 24 39 10 2 28 20 19 51 59 19 4 16 34 5 5 28 51 31 25 35 18 28 25 17 23 17 37 26 27 27 25 15 29 19 38 24 7 23 24 14 36 12 26 7 15 24
17 12 9 25 11 12 11 41 22 7 16 0 11 10 27 12 24 5 5 13 22 14 9 41 14 24 23 11 9 25 11 16 12 39 13 12 13 11 10 16 24 24 15 24 33 20 29 16 21 21 26 10 17 21 28 13 27 21 14 19 10 13 41 49 19 17 12 25 15 13 23 41 25 20 22 30 30 27 8 9 20 38 21 29 14 26 27 21 10 30 24 18 26 27 5 27 11 20 13 6 11
18 19 3 23 12 13 9 35 19 12 23 10 0 12 25 19 21 6 12 15 19 21 2 34 21 22 20 9 4 22 12 13 19 33 20 14 15 7 13 8 22 21 22 18 31 17 27 23 19 27 23 12 17 16 33 11 25 28 21 16 11 14 35 43 24 24 15 23 21 20 21 35 22 18 19 37 33 25 14 6 23 42 20 30 8 28 34 13 11 22 23 25 30 32 12 20 18 19 20 13 5
9 18 11 31 3 4 8 40 19 15 20 10 12 0 34 18 21 7 8 5 18 18 11 39 20 30 20 7 10 22 4 13 19 37 17 4 5 11 17 17 30 21 19 21 39 14 35 21 27 23 23 2 9 19 25 12 33 21 18 17 4 5 40 48 15 18 20 31 17 19 16 40 19 14 28 29 23 18 16 9 27 34 14 22 18 33 29 18 16 27 16 22 22 23 13 25 18 26 17 14 16
40 30 26 8 34 35 32 30 40 24 36 27 26 34 0 30 42 28 30 36 40 32 25 29 32 6 41 32 27 43 34 35 27 27 31 36 37 29 22 28 11 42 35 37 13 40 5 34 7 39 44 34 40 36 50 33 14 41 35 37 33 37 30 38 43 36 22 5 35 32 44 30 44 41 14 50 54 48 25 29 23 62 43 53 21 28 45 33 21 25 46 37 49 51 24 34 28 12 33 25 22
21 2 19 31 19 18 20 48 32 10 8 12 20 18 31 0 34 15 12 20 32 5 18 47 5 29 32 20 18 35 19 25 6 46 5 20 19 21 12 25 31 33 7 33 40 27 32 7 25 12 35 19 22 31 25 22 33 14 8 29 18 21 48 56 20 9 11 29 9 4 30 48 33 27 29 23 30 27 11 19 12 39 28 29 22 20 18 30 13 39 26 9 25 26 8 37 6 21 7 9 19
19 34 20 41 20 21 19 38 5 29 33 24 22 20 43 34 0 21 25 20 5 31 20 38 35 40 4 19 19 3 18 10 34 36 32 20 20 18 30 18 40 4 32 10 48 9 45 34 37 36 6 20 15 12 37 15 38 34 31 10 18 19 38 46 28 30 33 40 30 34 13 38 6 10 33 42 33 22 30 17 41 46 12 26 23 45 41 14 29 25 20 35 34 36 28 18 33 37 32 28 26
14 15 5 26 8 9 6 39 18 11 19 5 7 7 28 15 20 0 7 10 18 17 6 38 17 25 19 7 5 21 8 12 15 36 16 10 11 7 13 12 25 20 18 20 34 16 30 19 22 24 22 7 14 18 28 9 27 24 18 16 7 11 39 47 19 20 15 25 18 16 19 39 21 16 23 32 28 23 12 5 23 38 18 28 12 28 30 17 11 26 21 21 26 27 9 24 14 21 16 10 10
15 12 11 27 9 10 11 43 24 8 16 4 13 9 29 12 26 7 0 11 23 14 11 42 14 26 24 10 11 27 9 17 12 40 13 11 12 13 11 18 26 26 15 25 35 18 31 16 23 21 28 9 15 23 26 14 28 21 14 21 9 12 43 51 18 17 14 26 15 14 21 43 25 19 24 30 28 25 10 11 20 36 20 27 15 27 27 23 11 32 22 18 24 26 7 29 11 22 13 8 13
6 19 14 35 5 3 8 39 19 18 18 13 16 4 37 19 20 11 11 0 18 16 14 38 20 34 19 8 13 21 5 12 21 37 17 4 2 14 21 17 34 20 17 20 43 13 39 19 31 21 22 5 7 18 22 12 36 19 16 16 5 4 39 47 13 15 23 34 15 19 16 39 19 13 32 26 21 16 19 12 29 31 14 20 22 36 26 17 19 26 13 20 19 21 17 24 20 30 17 17 19
17 32 17 39 18 19 16 37 4 27 31 22 20 17 41 32 5 18 23 18 0 29 18 37 33 38 4 17 16 6 16 8 32 35 30 17 17 15 28 16 38 6 29 12 46 7 43 32 35 34 8 18 13 11 35 12 37 32 29 8 16 17 37 45 26 28 30 38 28 32 12 37 7 7 30 39 32 21 28 14 38 44 11 25 21 43 39 12 27 24 19 33 32 34 25 19 31 35 30 26 23
18 5 21 34 19 17 21 50 30 13 6 14 22 18 34 5 31 17 13 17 29 0 20 50 4 32 30 20 20 32 19 23 10 48 4 18 16 23 15 27 33 32 5 31 42 24 34 4 28 9 34 18 19 29 22 23 36 11 4 27 18 18 50 58 18 6 14 31 4 3 27 50 30 24 31 20 27 24 14 21 15 36 25 26 24 22 15 28 15 37 23 6 22 23 11 35 9 24 3 12 22
16 19 1 23 10 13 7 35 17 12 23 9 4 11 26 19 19 5 11 13 17 21 0 35 20 23 18 8 2 20 10 11 19 33 19 12 14 5 13 8 23 19 22 18 31 15 28 23 20 27 21 10 15 16 32 9 25 28 21 15 9 13 35 43 23 24 15 23 21 20 20 35 20 16 20 36 31 24 14 4 23 42 18 28 10 28 34 13 11 23 21 25 29 31 12 20 18 19 20 12 7
39 48 35 25 39 40 38 2 37 39 51 40 34 39 29 47 39 39 43 39 37 50 35 0 49 26 38 39 35 39 37 34 45 4 49 39 38 36 38 30 22 37 50 30 26 37 29 52 26 55 37 39 38 32 56 34 19 52 50 34 37 38 2 12 46 49 40 27 49 49 43 3 41 38 20 60 54 47 41 35 44 65 41 51 28 49 60 28 38 15 44 54 53 54 40 25 45 32 50 40 31
21 4 20 33 21 20 22 50 33 13 5 14 21 20 32 4 34 17 14 20 32 4 20 50 0 30 33 22 20 35 21 26 8 48 5 21 20 22 14 27 33 35 5 34 40 27 33 4 26 8 37 20 22 32 26 24 35 11 5 30 20 21 50 58 21 6 12 30 7 3 30 50 34 27 31 20 30 27 14 20 13 39 28 30 24 21 15 31 15 41 26 6 25 27 11 38 9 22 7 12 22
37 30 22 4 31 32 28 27 36 22 35 23 22 30 6 29 38 24 27 33 36 32 21 26 31 0 37 28 23 39 31 32 27 24 31 32 33 26 21 24 8 38 34 33 14 36 8 34 6 38 40 30 36 32 49 30 10 41 34 33 30 33 27 35 40 35 22 3 34 31 41 27 40 37 10 49 50 45 24 25 24 58 39 49 17 29 45 29 20 22 42 36 46 48 23 31 27 12 32 22 18
18 33 19 40 19 20 18 39 3 28 32 23 21 19 42 33 5 20 24 19 4 30 19 38 34 39 0 18 18 6 17 9 33 36 31 19 19 17 29 17 39 6 31 12 48 8 44 33 36 35 8 19 14 12 36 14 39 33 30 9 17 18 38 47 27 29 32 39 29 33 12 39 6 9 31 41 32 22 29 16 40 45 12 26 22 44 40 13 28 26 19 34 33 35 27 21 32 36 31 27 25
11 20 8 30 6 9 2 39 18 16 22 11 10 7 32 20 20 7 10 8 17 20 8 38 21 29 18 0 7 20 4 11 20 36 19 6 8 8 18 13 29 20 20 20 38 12 34 23 26 26 22 6 10 17 27 8 31 24 20 15 4 7 38 47 18 20 20 29 20 21 15 39 19 12 27 32 26 19 17 6 28 37 14 24 16 33 32 17 16 26 17 25 24 26 14 23 19 25 19 15 14
16 18 2 25 9 12 7 36 17 13 23 9 5 10 27 18 19 5 11 13 17 20 3 35 20 24 17 7 0 20 9 10 18 33 19 12 13 4 13 9 24 18 21 18 32 14 29 22 21 27 20 10 14 16 32 8 26 27 21 14 8 12 36 44 22 23 16 24 21 20 19 36 20 15 21 36 30 23 14 4 24 41 17 27 11 29 33 14 12 23 20 24 29 30 12 21 17 20 19 12 9
20 35 21 42 21 22 20 39 6 30 34 25 23 21 44 35 3 21 26 21 6 33 21 38 36 41 6 20 20 0 19 11 35 36 33 21 21 19 31 19 41 4 33 10 48 10 46 35 38 37 6 21 16 12 38 16 39 35 32 11 19 20 38 47 29 31 34 41 31 35 12 39 6 11 33 43 32 21 31 18 41 47 13 25 24 46 42 15 30 26 19 36 35 37 28 19 34 38 33 29 27
9 19 10 32 3 6 5 37 17 16 21 11 12 3 34 19 18 8 9 6 16 19 11 37 21 31 17 4 9 19 0 10 20 35 18 5 6 10 19 15 31 19 20 18 40 11 36 22 28 25 21 3 8 16 26 9 34 22 19 14 2 5 37 45 16 19 21 32 18 20 14 37 17 11 29 30 24 18 17 9 28 35 12 22 18 34 30 15 17 24 15 23 23 24 14 22 19 28 18 15 16
13 25 11 33 12 13 10 34 8 20 25 16 13 12 35 25 10 12 17 12 8 23 11 33 27 32 9 11 10 11 10 0 25 31 24 12 11 9 22 12 32 10 23 14 41 5 37 26 29 28 12 12 10 12 29 6 34 26 23 7 10 12 33 42 20 22 24 33 22 26 11 34 11 6 26 33 27 19 22 8 32 38 10 24 17 37 33 11 20 21 17 27 26 28 19 18 24 29 24 20 17
23 7 19 28 20 20 20 46 32 10 12 12 20 19 28 6 34 15 13 22 32 10 18 45 8 26 33 20 18 35 20 25 0 43 8 21 21 21 9 26 29 34 11 33 36 29 28 11 22 15 35 19 24 31 27 22 31 18 12 29 19 22 46 54 23 13 8 25 12 8 32 46 35 29 26 27 32 29 10 19 10 41 30 31 21 17 22 30 11 38 28 13 27 28 8 37 3 18 10 8 18
38 46 33 23 37 38 36 5 35 37 49 38 32 37 27 45 37 37 41 37 35 48 33 4 48 24 36 37 33 37 35 32 43 0 47 37 36 34 36 28 20 35 48 28 24 35 27 50 24 53 35 37 36 30 54 32 17 50 48 32 35 36 6 14 44 47 38 25 47 47 41 5 39 36 18 58 52 45 39 33 42 63 39 49 26 47 58 26 36 13 42 52 51 52 38 23 43 30 48 38 29
19 5 19 33 18 17 20 50 31 12 7 13 20 17 33 5 32 16 12 18 30 4 19 49 5 31 31 19 19 33 18 24 9 47 0 18 17 21 14 26 32 33 6 32 41 25 34 6 27 11 34 17 20 30 23 23 35 12 5 28 17 19 49 58 19 8 13 31 5 4 28 50 31 25 30 21 28 25 13 19 16 37 26 27 23 23 17 29 14 38 24 8 23 24 10 36 8 23 3 11 21
7 20 13 34 4 4 7 39 19 17 19 12 15 3 36 20 20 10 10 4 17 18 13 38 21 33 19 7 12 21 5 12 21 37 19 0 4 13 20 17 33 20 18 20 42 13 38 21 30 22 22 4 7 18 24 12 35 20 17 16 4 3 39 47 14 17 22 33 16 20 15 39 19 13 31 28 22 17 18 11 29 33 13 21 21 35 28 17 19 26 14 21 20 22 16 24 20 29 19 17 18
6 19 14 35 6 3 9 39 18 18 18 13 16 5 37 19 20 11 11 2 17 16 15 38 20 34 18 8 13 21 6 12 21 36 17 4 0 14 21 17 34 20 16 20 43 12 39 19 31 21 22 5 7 18 22 11 36 19 16 15 6 4 39 47 12 15 23 34 15 19 15 39 19 13 32 26 20 16 19 13 29 30 14 20 22 36 26 17 19 26 13 20 18 20 17 23 20 30 17 17 19
15 20 4 27 11 13 7 36 16 15 24 10 7 11 29 20 18 7 13 14 16 22 5 36 22 26 16 8 3 19 10 9 20 34 21 13 13 0 16 9 26 17 23 17 34 13 31 24 23 29 19 11 13 15 31 7 28 27 22 13 9 13 36 44 21 24 18 26 23 21 18 36 19 14 23 35 29 22 16 4 26 40 16 26 12 31 35 14 14 23 19 26 28 29 14 21 19 22 21 14 11
25 12 13 22 18 19 18 39 28 5 17 10 13 18 23 11 30 13 11 21 28 14 12 38 14 21 29 18 13 31 18 22 9 36 13 20 21 16 0 19 21 30 16 30 30 26 24 16 17 20 32 18 24 27 31 20 24 23 16 25 18 21 38 47 27 18 5 20 16 13 30 39 31 27 19 32 36 33 6 15 13 45 29 35 14 18 27 25 3 31 31 18 31 33 5 32 9 13 14 6 11
17 24 7 27 15 18 11 32 15 18 29 15 7 16 29 24 17 12 17 17 15 26 8 31 26 26 16 13 8 18 14 12 24 29 25 17 16 8 18 0 26 17 27 13 35 15 31 28 23 33 18 16 16 11 34 12 28 30 27 11 14 16 31 39 24 27 21 26 26 26 21 32 18 16 22 38 32 25 20 9 29 43 19 29 9 33 38 9 17 19 22 31 31 32 18 16 24 24 25 18 10
38 31 23 6 32 33 29 21 37 23 36 25 23 31 11 31 39 25 28 34 37 33 23 21 33 7 38 30 24 40 32 33 28 19 32 33 34 27 22 25 0 39 36 33 11 37 10 35 10 40 39 31 37 33 50 31 5 42 36 34 31 34 21 29 41 37 24 9 36 33 42 21 41 38 11 51 51 46 25 26 28 59 40 50 18 33 46 30 21 18 43 37 47 49 24 28 29 15 33 23 19
21 34 20 40 21 22 20 36 5 29 34 24 22 21 43 34 5 21 26 21 7 32 20 35 35 40 6 20 19 5 19 10 34 34 33 21 20 18 30 18 38 0 32 8 46 10 44 35 37 37 6 21 17 9 38 16 36 35 32 10 19 21 36 44 29 31 33 40 31 35 15 36 9 11 31 42 35 24 30 17 41 47 15 29 23 45 42 13 29 23 22 36 35 37 27 16 33 37 33 28 26
18 6 22 35 20 17 22 51 30 15 2 16 23 19 35 7 32 18 14 17 29 4 22 50 4 33 30 21 22 32 20 23 11 48 6 18 17 24 17 29 36 32 0 32 43 24 35 4 29 7 34 20 19 29 23 23 38 8 2 27 19 18 50 59 18 3 15 32 4 4 27 51 31 24 33 17 27 24 16 22 16 36 25 27 26 24 13 29 17 38 24 5 22 24 13 35 11 25 6 14 24
21 33 18 33 20 21 19 30 11 28 32 24 18 20 37 33 10 20 25 20 12 31 19 29 34 34 11 20 18 10 18 14 33 27 32 20 19 17 29 13 32 8 31 0 40 15 38 34 31 36 8 20 19 4 37 16 30 33 31 11 18 20 30 38 27 30 32 34 30 33 20 30 14 16 25 41 35 28 29 16 40 46 20 32 17 45 41 7 28 17 25 35 34 35 27 10 32 33 32 28 21
47 39 32 13 41 42 38 27 46 32 45 34 32 40 13 39 48 34 37 43 46 41 32 26 41 14 47 39 33 49 41 42 36 24 40 42 43 36 31 34 12 47 44 40 0 46 9 43 17 48 47 40 46 41 59 40 12 50 44 43 40 43 26 34 50 45 31 13 44 41 51 27 50 47 20 59 60 55 34 35 30 68 49 59 27 35 54 37 30 26 52 45 56 58 33 35 37 21 41 32 28
12 27 16 38 13 15 13 37 9 25 26 20 18 13 40 27 9 17 19 14 7 25 16 36 28 37 8 13 15 10 12 6 29 35 26 13 13 14 26 15 37 10 25 16 45 0 42 28 34 29 12 13 8 14 30 10 37 27 24 9 11 13 37 45 21 23 29 37 23 27 7 37 7 2 30 35 27 17 26 13 37 40 6 21 20 41 35 14 25 24 14 28 27 29 23 22 29 33 26 24 22
41 31 27 8 35 36 33 29 42 25 37 28 28 35 5 31 44 29 31 37 42 33 26 29 33 8 43 33 28 45 35 36 28 27 32 37 38 30 23 30 11 44 36 38 9 41 0 35 10 40 45 35 41 38 51 34 13 42 36 39 34 38 29 37 44 37 23 7 36 33 45 29 46 41 16 51 55 49 26 30 22 63 44 54 23 27 46 35 22 24 47 38 50 52 25 34 29 13 34 26 24
21 6 23 35 21 20 24 53 33 15 5 16 24 21 35 7 34 19 15 20 32 4 22 52 4 33 33 23 22 35 22 26 11 50 6 21 19 24 16 29 36 35 4 34 43 27 35 0 29 6 37 21 22 32 25 26 38 11 5 30 21 21 53 61 21 6 15 32 7 4 30 53 33 27 33 19 30 27 16 23 16 39 28 29 26 23 13 31 17 40 26 4 25 26 13 38 11 25 7 14 24
35 25 20 8 29 30 26 27 34 19 31 21 20 28 7 25 36 22 25 31 34 27 19 27 27 5 35 26 21 37 29 30 22 25 26 30 31 24 17 22 10 36 30 31 16 34 9 29 0 34 38 28 34 30 45 28 12 37 30 31 28 31 27 35 38 31 18 5 30 27 39 27 38 35 8 45 48 43 20 23 20 56 37 47 15 25 40 27 16 22 40 32 44 46 19 31 23 8 28 20 16
22 11 28 39 24 21 27 55 34 20 9 21 28 23 39 12 36 24 20 21 33 9 27 54 9 37 34 26 27 36 24 27 15 52 11 22 21 29 21 33 40 36 7 36 47 28 39 6 33 0 38 24 23 33 26 27 42 10 8 31 24 22 54 63 22 7 19 36 10 9 31 55 35 28 38 17 31 28 21 28 19 41 30 31 31 26 9 33 22 42 28 4 26 28 18 39 16 29 12 19 29
23 36 22 40 23 24 21 37 7 31 35 26 24 23 44 36 5 23 28 23 9 34 22 36 37 40 8 22 21 6 21 12 36 34 35 23 22 20 32 19 39 6 34 9 46 12 44 37 37 39 0 23 19 10 40 18 37 36 34 12 21 23 37 45 30 33 35 41 33 37 16 37 9 13 32 44 36 25 32 19 42 49 16 29 24 47 44 14 31 24 23 38 37 38 29 17 35 39 35 30 27
9 19 10 32 2 5 6 39 18 15 20 11 13 2 34 19 20 8 8 5 17 19 11 38 20 31 18 6 10 20 2 11 19 36 17 4 5 11 18 16 31 20 19 20 40 12 36 21 28 23 22 0 9 17 25 11 33 21 18 15 2 5 38 47 15 18 21 31 17 20 15 39 19 12 29 29 23 18 17 9 27 34 14 22 19 33 29 17 17 26 15 22 22 23 14 23 18 27 18 15 16
7 23 15 37 9 10 10 38 15 22 22 17 17 8 39 23 15 14 15 9 13 20 15 37 24 36 14 9 14 16 8 10 25 35 21 8 8 13 24 16 36 16 20 18 45 8 41 23 33 25 18 9 0 16 26 10 38 23 20 14 8 8 37 46 17 19 27 36 19 23 9 38 13 8 30 30 24 13 23 12 33 35 7 17 20 40 30 15 23 25 10 24 23 25 20 22 24 32 21 21 21
18 31 16 34 18 19 17 32 11 26 30 21 16 18 36 31 11 18 23 18 11 29 17 31 32 33 12 18 16 12 16 12 31 29 30 18 17 15 27 11 33 9 29 4 41 13 38 32 30 34 9 18 17 0 35 13 32 31 29 9 16 17 31 40 25 28 30 33 28 31 19 32 15 14 24 39 33 26 27 14 38 44 18 30 16 43 39 6 26 19 23 33 32 33 25 12 30 33 30 25 19
24 26 32 51 25 23 28 56 36 30 24 28 34 24 52 26 37 29 24 23 35 23 32 55 26 50 36 28 32 38 26 29 28 54 24 24 22 31 32 34 50 38 23 37 59 30 53 26 46 27 39 25 25 35 0 29 52 20 22 33 26 24 56 64 15 22 32 50 21 25 33 56 36 30 48 20 33 30 31 30 36 24 31 32 39 43 29 34 32 43 29 26 8 9 28 41 27 42 24 29 37
13 22 9 31 11 13 7 35 13 19 25 13 12 12 34 22 15 9 15 12 12 23 10 34 24 30 14 8 8 16 9 6 22 32 23 12 11 7 20 12 30 15 23 16 39 10 35 26 27 28 17 11 12 13 29 0 33 25 23 11 9 12 34 43 20 22 22 31 22 24 15 35 15 10 27 33 27 20 20 6 30 38 14 24 16 35 33 13 18 22 17 27 26 27 17 19 22 27 23 18 15
40 34 26 9 34 35 32 19 37 25 39 27 26 34 13 33 39 28 30 36 37 36 25 18 35 10 38 32 26 39 34 34 31 16 35 36 37 29 24 28 5 37 38 31 12 37 13 38 12 42 37 34 39 32 52 33 0 45 38 34 33 37 18 27 43 39 26 11 38 35 43 19 41 38 13 53 54 47 27 29 30 62 41 51 21 35 49 28 24 16 45 40 50 51 26 26 31 18 36 26 22
20 14 28 43 22 19 25 53 32 22 10 22 29 21 43 15 34 24 20 19 31 11 28 52 12 41 32 24 28 35 22 25 19 50 12 20 19 28 24 31 43 34 9 34 51 26 43 11 37 10 36 22 21 31 20 25 45 0 9 29 22 20 53 61 20 7 22 40 9 12 29 53 33 26 41 12 30 26 23 27 23 36 28 29 32 31 12 31 25 40 26 10 20 21 20 37 18 32 12 21 29
18 7 21 36 19 17 21 50 30 16 2 15 22 18 36 8 31 18 13 17 29 5 21 49 5 34 30 20 21 32 19 23 12 48 6 18 16 23 17 28 36 31 1 31 44 24 36 4 29 7 33 19 19 29 22 23 39 8 0 27 18 18 50 58 17 3 15 33 4 4 27 50 30 24 34 17 27 24 16 21 16 36 25 26 26 24 13 28 18 37 23 5 22 23 14 35 12 25 5 14 23
17 29 15 35 16 17 15 34 7 24 29 20 17 16 37 29 9 16 21 16 7 27 15 33 30 34 8 16 14 10 14 7 29 32 28 16 15 13 26 12 34 9 27 11 43 9 39 30 31 32 11 16 14 8 33 12 34 29 27 0 14 16 34 42 24 26 28 34 26 30 15 34 11 10 27 37 31 24 25 12 36 42 14 28 17 41 37 10 24 21 21 31 30 31 23 18 28 33 28 24 20
11 19 9 31 4 7 5 39 18 16 21 11 11 5 33 19 20 8 9 7 17 19 9 38 21 30 18 4 8 21 3 11 20 36 18 7 8 9 19 14 30 20 19 20 39 12 35 22 27 26 22 4 10 17 27 10 32 24 19 15 0 7 39 47 18 20 21 30 19 20 15 39 19 12 28 31 26 19 17 7 28 36 14 24 17 34 31 17 17 26 17 24 24 26 14 23 19 26 18 15 15
6 20 12 34 5 5 6 38 17 18 18 13 15 4 37 20 19 10 11 3 16 17 13 37 20 33 18 6 11 20 4 11 22 35 18 2 3 12 20 16 33 19 17 19 42 12 38 20 30 22 21 4 5 17 23 11 36 19 17 15 5 0 38 46 13 16 23 34 16 19 14 38 18 12 31 27 21 16 19 10 30 32 12 20 20 36 27 16 19 25 13 21 20 21 16 23 21 29 18 17 18
40 48 35 25 39 40 38 3 38 39 52 40 35 39 30 47 39 39 44 39 37 50 35 2 50 26 38 39 35 39 37 34 45 5 49 39 38 36 39 31 22 37 50 30 26 37 29 52 27 55 37 39 39 32 56 35 19 53 50 34 37 39 0 12 47 49 41 28 49 49 43 4 41 38 20 60 54 47 41 35 45 65 42 51 28 49 60 28 38 16 45 54 53 55 41 26 45 32 50 40 31
48 56 43 33 47 48 46 11 46 47 60 48 43 47 38 55 47 47 52 47 45 58 43 12 58 34 46 47 43 47 45 42 53 14 57 47 46 44 47 39 30 45 58 38 34 45 37 60 35 63 45 47 47 40 64 43 27 61 58 42 45 47 12 0 55 57 49 36 57 57 51 10 49 46 28 68 62 55 49 43 53 73 49 59 36 57 68 36 46 24 53 62 61 63 49 34 53 40 58 48 39
14 21 23 42 15 12 18 46 26 24 19 20 24 14 44 21 27 19 17 13 24 18 23 45 21 41 26 18 22 28 15 19 23 43 19 14 12 21 28 24 41 27 18 27 50 20 46 21 38 23 29 15 14 25 15 19 43 20 18 23 15 13 46 54 0 17 27 41 17 20 23 46 26 20 39 28 22 19 26 20 31 21 21 22 29 38 28 24 26 33 19 22 9 10 23 31 22 37 19 24 27
17 8 24 37 18 16 21 49 29 17 4 17 24 17 37 9 30 20 15 16 28 6 23 48 6 35 29 21 23 31 19 22 13 47 8 17 15 24 18 27 37 30 3 30 45 23 37 6 31 7 32 18 18 28 21 22 40 6 3 26 19 17 49 57 16 0 17 34 5 6 26 49 29 23 35 15 26 23 18 23 18 35 24 25 28 25 14 27 19 36 22 6 21 22 15 34 13 27 8 16 25
26 11 15 23 20 21 20 41 30 7 15 12 16 20 23 10 32 15 13 23 30 12 14 40 11 21 31 20 16 33 21 24 7 38 11 22 23 18 4 22 23 32 15 32 31 28 23 14 17 18 34 20 27 30 30 22 26 21 15 28 20 23 41 49 25 16 0 20 15 12 32 41 33 29 21 30 35 32 8 17 10 44 31 34 16 16 25 27 6 33 31 16 30 31 7 34 8 13 13 8 14
38 29 23 6 32 33 29 29 37 23 34 25 24 31 5 28 39 26 28 34 37 31 23 28 30 3 38 30 24 40 32 33 26 26 30 34 34 27 20 26 10 39 33 34 13 37 6 33 5 37 41 31 37 34 48 31 12 40 33 34 31 35 28 36 41 35 21 0 33 30 42 29 41 38 11 49 51 46 24 26 23 59 40 50 18 28 44 30 20 23 43 35 47 49 22 33 26 11 31 23 19
17 9 22 38 18 16 21 49 29 16 6 16 23 18 38 10 30 18 14 16 28 5 21 49 8 36 29 21 22 31 19 22 13 47 6 17 15 24 18 28 37 31 4 30 45 23 38 7 32 10 33 18 18 28 21 22 39 9 4 26 19 17 49 57 17 3 17 35 0 7 26 50 29 23 34 17 26 23 17 22 19 35 24 25 26 27 16 27 19 37 22 9 21 23 14 34 12 28 6 15 23
20 3 20 33 20 19 22 50 32 13 5 14 21 19 33 4 34 16 14 19 31 3 20 50 2 31 32 21 20 34 20 25 9 48 4 20 19 22 14 27 33 34 5 34 41 26 33 4 27 9 36 20 21 31 25 24 35 11 5 29 19 20 50 58 20 6 13 30 7 0 29 50 33 26 31 20 29 26 13 20 13 39 28 29 24 21 15 31 15 40 26 6 24 26 10 37 8 23 6 11 21
13 30 19 41 16 17 16 42 13 28 28 23 22 15 44 30 13 19 21 16 11 27 20 41 30 40 12 16 18 12 14 11 32 40 28 15 15 17 30 20 40 15 27 21 49 8 45 30 37 32 17 16 10 19 33 15 42 29 27 15 14 15 42 50 23 26 32 41 26 30 0 42 9 8 35 37 22 11 29 16 40 42 5 16 25 45 37 20 28 29 9 31 30 31 27 27 31 37 28 28 25
40 48 35 25 39 41 38 2 38 40 52 41 35 39 30 48 39 39 44 40 38 50 36 3 50 27 39 39 36 40 38 34 45 5 49 39 39 36 39 31 22 37 51 31 27 38 30 52 27 55 37 40 39 32 57 35 20 53 50 35 38 39 4 10 47 49 41 28 49 50 43 0 41 38 20 61 55 48 42 36 45 66 42 52 29 50 61 29 38 16 45 54 53 55 41 26 46 33 51 40 32
18 34 21 42 19 21 19 41 6 30 32 25 23 18 44 34 6 21 25 19 6 31 21 40 34 41 6 19 20 7 18 11 35 39 32 18 19 19 31 19 41 8 31 14 50 7 46 34 38 35 10 19 14 15 37 15 41 33 30 11 18 18 41 49 27 30 34 42 29 33 9 41 0 9 34 41 29 18 31 18 41 46 9 23 24 46 41 16 30 28 16 34 33 35 28 22 34 38 32 29 27
12 27 17 39 13 14 13 38 9 25 26 21 19 13 41 27 10 17 18 13 8 25 17 37 28 38 9 13 16 11 12 7 29 35 25 13 13 15 27 16 38 11 25 17 46 2 43 27 35 29 13 13 8 15 30 11 38 27 24 10 11 12 38 46 21 23 30 38 23 27 8 38 9 0 31 35 27 17 27 14 37 39 6 21 21 42 34 15 26 25 14 28 27 29 24 23 28 34 25 25 23
32 29 21 11 29 30 27 20 30 20 34 22 20 29 13 28 32 23 25 31 30 31 20 20 30 10 31 27 22 33 29 26 26 18 30 31 31 24 19 21 10 31 33 25 19 29 15 33 7 37 31 29 31 24 47 27 13 40 33 27 28 31 20 28 38 35 21 11 33 30 35 20 33 30 0 48 47 40 22 24 25 57 34 44 14 30 44 21 19 15 37 35 45 46 21 24 26 13 31 21 16
27 22 35 51 29 26 32 60 39 29 18 29 36 28 51 22 41 31 27 26 38 18 34 59 20 49 39 31 35 41 29 32 26 57 19 27 26 35 31 38 50 41 17 41 59 33 51 19 45 17 43 29 28 38 19 32 52 13 17 36 29 27 59 68 27 15 30 48 17 20 36 60 40 33 48 0 36 33 30 34 32 41 35 36 39 39 18 38 31 47 33 18 25 26 27 44 25 40 19 28 36
22 33 32 53 23 21 26 54 33 36 31 31 34 23 55 33 33 29 29 21 31 30 32 54 33 52 32 26 31 32 24 27 35 52 31 22 20 30 39 33 52 35 30 35 61 27 57 33 49 34 36 23 23 33 34 27 54 32 29 31 24 22 54 62 23 29 39 52 28 32 22 55 29 27 47 40 0 14 37 29 43 42 25 10 37 50 40 32 38 42 16 33 30 31 34 39 34 48 31 35 37
14 29 24 46 19 17 20 46 22 32 28 27 26 18 48 29 22 24 25 16 21 26 24 46 30 45 22 20 23 21 19 19 31 44 27 17 16 22 34 25 45 24 26 27 53 17 50 29 42 31 26 19 14 25 30 19 47 29 26 23 18 17 46 54 20 25 35 45 25 29 12 46 19 17 39 36 14 0 33 21 39 38 14 8 29 46 36 24 33 33 5 30 26 28 30 31 30 41 27 31 30
23 12 13 25 17 18 17 41 28 1 17 8 14 16 27 11 30 12 10 19 28 14 13 40 14 24 28 17 14 31 17 21 10 39 13 18 19 16 6 20 24 30 16 29 33 26 28 16 20 21 31 16 23 27 31 19 26 23 16 25 16 19 41 49 25 18 8 24 17 13 29 41 31 26 22 32 35 32 0 15 16 44 27 35 15 22 27 25 6 32 30 18 30 32 4 32 10 17 14 3 12
14 19 4 27 9 12 5 35 15 14 23 9 7 10 29 19 17 5 11 12 15 21 5 35 20 26 15 6 3 18 9 8 19 33 19 11 12 5 15 10 26 16 22 16 34 13 31 23 23 27 18 9 12 14 30 6 28 26 21 12 8 11 35 43 20 23 18 26 21 20 17 35 18 13 23 34 28 21 15 0 25 39 15 25 13 30 34 13 14 22 18 25 27 28 12 20 18 22 20 13 10
31 13 22 27 28 29 27 46 37 14 17 20 23 27 23 12 39 22 21 30 37 15 22 45 13 24 38 27 23 40 28 31 11 43 16 29 29 26 12 29 28 39 16 39 30 35 22 16 20 19 41 27 32 37 35 29 30 23 17 35 27 31 45 53 31 17 9 24 18 13 40 46 41 36 26 31 40 37 16 25 0 49 38 39 24 9 27 34 13 40 36 18 35 37 14 41 11 15 17 15 21
32 40 41 60 33 31 36 64 44 43 38 38 43 32 62 39 45 37 36 31 43 37 41 64 40 59 44 36 40 46 34 37 42 62 38 32 30 39 46 42 59 46 37 45 68 38 64 40 56 41 47 33 33 43 24 37 61 36 36 41 34 32 64 72 21 36 46 59 35 39 41 64 44 38 57 41 41 37 44 39 50 0 39 40 47 57 47 42 45 51 37 40 18 17 41 49 41 55 38 42 45
12 28 18 40 14 15 14 41 12 27 27 22 20 13 42 28 12 18 20 14 11 25 18 40 29 39 12 14 17 13 13 10 30 38 26 13 14 16 28 19 39 14 26 20 48 6 44 28 36 30 16 14 8 18 31 13 41 28 25 14 13 13 40 48 22 24 31 39 24 28 5 41 9 6 33 36 25 15 28 15 38 40 0 19 23 43 35 18 27 28 12 29 28 30 25 25 29 35 26 26 24
18 30 28 50 21 19 24 50 26 34 29 29 30 21 52 30 26 27 27 19 25 28 28 50 31 49 26 24 27 25 22 23 33 48 29 20 18 26 37 29 49 28 28 31 57 21 54 31 46 32 30 21 18 29 32 23 51 30 27 27 22 20 50 58 21 26 37 49 26 30 16 50 23 21 43 38 10 7 35 25 41 40 18 0 33 48 38 28 36 37 9 31 28 29 32 35 32 45 29 33 34
22 23 10 19 19 20 15 29 20 14 27 14 9 19 21 22 22 12 17 21 20 25 9 28 24 18 21 16 11 23 19 17 21 26 24 21 21 12 14 8 18 22 26 18 27 20 23 27 15 31 24 18 21 16 39 16 20 32 25 17 18 21 29 37 29 28 17 18 26 24 25 29 23 20 14 41 37 30 15 13 24 48 24 34 0 29 38 13 13 19 27 29 35 37 15 19 20 18 24 14 5
38 21 28 32 34 35 33 51 43 21 25 26 29 33 28 20 45 28 27 36 43 22 27 50 21 30 44 33 29 46 34 37 18 48 24 35 36 31 18 35 33 45 24 45 35 41 27 23 25 25 47 33 39 43 43 35 36 31 24 41 33 36 50 59 38 25 16 29 26 21 46 51 46 42 31 39 48 45 22 30 10 57 44 47 29 0 33 40 19 45 44 26 42 44 21 47 18 20 25 22 27
27 17 34 46 29 26 31 60 39 26 15 27 35 28 46 18 40 30 26 26 38 15 33 59 15 44 39 31 33 41 29 32 22 57 17 27 26 35 28 38 47 41 13 40 54 33 46 12 40 9 43 28 28 38 28 32 49 13 14 36 29 27 59 68 27 14 26 43 16 15 36 60 40 33 44 18 36 33 27 34 27 45 34 36 38 34 0 37 29 47 32 10 31 32 24 44 22 36 18 25 35
18 30 13 30 17 18 16 28 12 24 30 21 13 17 32 30 14 17 22 17 12 28 14 27 31 29 13 17 14 15 15 11 30 25 29 17 16 14 24 9 29 14 28 7 37 14 34 31 26 33 14 17 16 6 34 13 28 30 28 10 15 17 28 36 25 27 27 30 27 31 20 28 16 15 21 38 32 25 26 13 35 43 19 29 13 40 38 0 23 15 22 32 31 32 24 10 29 29 29 24 16
23 13 11 22 17 18 16 38 27 5 19 10 12 16 23 13 29 11 11 19 26 15 11 37 15 21 27 16 12 29 17 20 10 35 14 19 19 15 3 18 21 28 18 28 29 24 24 17 16 22 30 17 23 26 32 18 23 25 18 24 16 20 38 46 26 19 6 20 18 15 29 38 30 25 18 33 36 33 6 14 14 44 27 36 13 19 28 23 0 30 30 20 32 33 5 30 11 13 16 6 10
27 39 23 20 26 27 25 16 25 30 39 30 22 26 25 38 26 26 31 26 24 37 23 15 41 21 25 26 23 26 24 21 37 13 38 26 25 23 30 18 18 24 37 17 26 24 24 40 21 42 24 26 26 19 43 22 16 40 37 21 24 26 15 24 34 36 33 23 36 40 30 16 28 25 15 47 41 34 32 22 39 52 29 39 18 44 47 15 29 0 32 41 40 42 31 13 37 27 38 30 21
11 27 21 43 16 14 18 44 20 29 25 24 23 15 45 27 20 21 22 13 18 24 21 43 27 42 19 17 20 19 16 16 29 41 25 14 13 19 32 22 42 22 24 25 51 14 47 27 39 28 23 16 11 22 30 16 44 26 23 20 16 14 44 52 20 23 33 42 22 26 9 44 16 14 36 34 16 5 30 18 37 38 12 9 27 44 34 22 30 31 0 27 26 28 27 28 28 39 25 28 27
21 8 25 38 23 20 26 54 33 18 7 19 26 22 38 9 35 21 18 20 32 6 25 53 6 35 33 25 25 35 23 26 13 51 8 21 20 27 19 32 38 35 5 35 46 27 38 4 31 4 37 23 22 32 26 26 40 9 6 30 23 21 53 62 21 7 17 35 8 6 30 54 34 27 36 18 31 27 18 25 18 40 29 30 29 26 10 32 20 41 27 0 25 27 15 38 13 27 9 16 26
20 25 29 48 21 18 24 52 32 29 24 26 30 20 50 25 33 25 24 19 31 22 29 51 26 47 32 24 28 34 22 25 27 50 23 20 18 27 32 30 47 33 22 33 56 26 52 25 44 27 35 21 21 31 8 25 49 20 22 29 22 20 52 60 9 21 31 47 21 25 29 52 32 26 45 25 28 25 30 26 35 18 27 28 35 42 31 30 32 39 25 26 0 4 27 37 26 42 23 28 33
21 26 31 50 23 20 26 54 33 31 25 28 32 22 52 26 35 27 25 20 32 24 31 53 27 49 34 25 30 36 23 27 28 51 25 22 20 29 33 32 49 35 24 35 58 28 54 27 46 28 37 23 22 33 9 27 51 22 23 31 23 21 54 62 10 22 33 49 22 26 30 54 34 28 46 27 30 27 31 28 37 17 29 29 37 44 32 32 33 41 27 27 4 0 29 39 28 43 25 30 35
21 10 13 24 15 16 15 41 26 3 15 7 13 15 26 9 28 10 8 17 26 12 12 40 11 23 27 15 13 29 15 19 8 38 11 17 18 15 6 19 23 28 14 28 32 24 27 13 20 18 30 15 21 25 28 17 26 21 14 23 14 18 41 49 24 15 8 23 14 11 27 41 29 24 21 29 33 30 4 13 16 42 25 32 14 22 25 25 6 31 28 16 28 30 0 31 7 17 12 1 11
24 37 20 29 23 25 22 26 19 31 36 27 20 23 34 37 19 24 29 24 19 35 21 25 38 30 20 23 21 19 22 19 37 23 36 23 23 21 31 16 27 17 35 10 35 21 33 38 30 39 17 24 23 12 41 19 26 37 34 18 22 23 25 33 31 34 34 32 33 37 27 26 22 22 24 45 39 32 33 20 42 50 26 36 19 47 45 10 30 12 29 38 38 39 30 0 36 35 36 31 23
22 7 18 29 18 19 19 46 31 9 12 11 19 18 29 6 33 14 11 21 31 9 17 46 8 27 31 19 17 34 19 24 3 44 7 20 20 20 10 25 29 32 11 32 37 28 29 10 22 15 34 18 23 30 26 21 31 18 11 28 18 21 46 54 21 12 8 26 11 8 31 46 34 28 27 26 31 28 9 18 11 40 29 30 20 18 22 29 11 37 27 13 26 27 6 36 0 18 9 7 17
34 21 19 14 27 28 25 33 35 17 26 20 20 27 14 21 37 22 23 30 35 23 19 32 22 12 36 26 20 38 28 29 18 30 22 29 30 23 14 25 15 37 25 34 21 33 13 25 7 29 39 27 33 33 41 27 18 32 26 33 27 30 32 41 36 27 13 11 26 22 38 33 38 34 13 40 46 42 18 22 14 55 36 45 18 19 36 30 14 27 39 27 40 42 17 36 18 0 23 17 17
19 6 20 34 18 17 20 51 31 13 7 13 21 17 35 7 32 16 12 18 30 3 19 50 6 33 31 19 19 33 18 24 10 48 3 19 17 22 15 26 34 33 6 32 42 25 35 7 28 12 35 18 20 30 23 23 36 12 5 28 17 19 51 59 19 8 14 32 5 5 28 51 31 25 31 21 28 25 14 20 17 37 26 27 24 25 18 29 15 38 24 9 23 25 11 36 9 24 0 12 21
21 9 13 25 15 16 15 41 26 3 15 6 14 14 26 9 28 10 8 17 26 11 12 40 11 24 26 15 12 29 15 19 8 38 10 16 17 15 6 19 24 27 14 27 32 23 27 13 19 18 29 14 21 25 28 17 26 20 14 23 14 18 41 49 23 15 8 23 14 11 27 41 29 24 21 29 33 30 3 13 15 42 25 32 14 22 24 24 5 31 28 16 28 29 1 31 7 16 12 0 12
22 20 7 20 16 17 13 32 23 11 25 11 6 16 22 19 25 10 14 19 23 22 7 31 22 19 24 14 8 26 16 17 18 29 21 18 19 11 11 11 19 25 23 21 28 21 24 24 16 29 27 16 21 19 36 15 21 29 23 20 15 19 32 40 27 25 14 19 23 21 26 32 26 22 16 38 37 30 13 11 22 46 24 34 4 27 35 17 10 22 27 26 34 35 12 23 18 17 21 11 0
EOF