NAME: pdptw-n20-ber2
LOCATION: Berlin
COMMENT:  ber20-1
TYPE: PDPTW
SIZE: 101
DISTRIBUTION: cluster-random (10 / 1.2)
DEPOT: random
ROUTE-TIME: 5000
TIME-WINDOW: 240
CAPACITY: 100
NODES
0 52.44137590 13.56973490 0 0 5000 0 0 0
1 52.63223880 13.30476560 57 2723 2963 5 0 51
2 52.58897180 13.32409120 25 1488 1728 5 0 52
3 52.53094740 13.19787370 11 470 710 5 0 53
4 52.54982850 13.26952370 39 2297 2537 5 0 54
5 52.50240040 13.35180690 42 1082 1322 5 0 55
6 52.60875880 13.32022110 36 3382 3622 5 0 56
7 52.55165290 13.20031320 17 1928 2168 5 0 57
8 52.60282410 13.40176920 23 949 1189 5 0 58
9 52.45972830 13.49465520 60 1735 1975 5 0 59
10 52.44069720 13.50266340 51 3056 3296 5 0 60
11 52.49230810 13.34972410 46 2539 2779 5 0 61
12 52.46477360 13.48294300 53 3545 3785 5 0 62
13 52.43421080 13.47784410 22 4044 4284 5 0 63
14 52.60673080 13.31466160 47 2276 2516 5 0 64
15 52.61822170 13.31025680 30 1767 2007 5 0 65
16 52.61116140 13.44694370 15 1234 1474 5 0 66
17 52.54653890 13.26108820 25 4627 4867 5 0 67
18 52.61211890 13.33177540 58 0 186 5 0 68
19 52.46614150 13.47927870 26 2236 2476 5 0 69
20 52.61171030 13.43064200 48 0 5000 5 0 70
21 52.60249710 13.41959830 42 2214 2454 5 0 71
22 52.42946920 13.48792830 37 2038 2278 5 0 72
23 52.55828660 13.20178590 12 725 965 5 0 73
24 52.44490130 13.55234300 59 0 5000 5 0 74
25 52.45665650 13.50101620 38 1498 1738 5 0 75
26 52.59162800 13.42201170 29 2204 2444 5 0 76
27 52.63733190 13.28962660 29 3059 3299 5 0 77
28 52.50724980 13.35145970 35 812 1052 5 0 78
29 52.45676750 13.50073130 35 0 5000 5 0 79
30 52.56786840 13.20480380 21 2007 2247 5 0 80
31 52.49754280 13.35725110 28 1899 2139 5 0 81
32 52.60970830 13.32348350 43 3171 3411 5 0 82
33 52.59744540 13.37755720 52 292 532 5 0 83
34 52.44489660 13.50078930 41 61 301 5 0 84
35 52.43458820 13.50322200 30 912 1152 5 0 85
36 52.54074240 13.17474770 53 2727 2967 5 0 86
37 52.58533410 13.30752060 32 0 5000 5 0 87
38 52.48842260 13.39675620 57 765 1005 5 0 88
39 52.62883540 13.29838800 18 1140 1380 5 0 89
40 52.48517800 13.38349590 59 1137 1377 5 0 90
41 52.60761090 13.30459610 52 2218 2458 5 0 91
42 52.48653520 13.53644680 27 3280 3520 5 0 92
43 52.58782040 13.46529880 34 4058 4298 5 0 93
44 52.52634910 13.63220320 13 4528 4768 5 0 94
45 52.49124100 13.27983170 31 4270 4510 5 0 95
46 52.41129760 13.53094820 30 4274 4514 5 0 96
47 52.54668940 13.48759150 36 3416 3656 5 0 97
48 52.60690310 13.33451860 25 3727 3967 5 0 98
49 52.52243520 13.62211930 27 4114 4354 5 0 99
50 52.41562040 13.52585160 45 3662 3902 5 0 100
51 52.62445660 13.22257320 -57 2746 2986 5 1 0
52 52.59816940 13.38400480 -25 1507 1747 5 2 0
53 52.44154060 13.49718570 -11 508 748 5 3 0
54 52.60701290 13.31518360 -39 2326 2566 5 4 0
55 52.49737800 13.35046690 -42 1329 1569 5 5 0
56 52.61441660 13.33201570 -36 3391 3631 5 6 0
57 52.60514230 13.31313530 -17 2197 2437 5 7 0
58 52.44478130 13.30840810 -23 1229 1469 5 8 0
59 52.49791860 13.34569980 -60 1760 2000 5 9 0
60 52.49336300 13.42215450 -51 3076 3316 5 10 0
61 52.47514650 13.48669680 -46 2562 2802 5 11 0
62 52.42141380 13.51163280 -53 3563 3803 5 12 0
63 52.50332400 13.18553310 -22 4091 4331 5 13 0
64 52.54974510 13.19666120 -47 2546 2786 5 14 0
65 52.45480380 13.51727620 -30 1820 2060 5 15 0
66 52.54094360 13.36058150 -15 1267 1507 5 16 0
67 52.45713060 13.44803980 -25 4655 4895 5 17 0
68 52.51716890 13.25423450 -58 26 266 5 18 0
69 52.61114530 13.43053060 -26 2274 2514 5 19 0
70 52.57473630 13.51573260 -48 0 5000 5 20 0
71 52.60160550 13.32911740 -42 2236 2476 5 21 0
72 52.45220320 13.50418610 -37 2052 2292 5 22 0
73 52.63756730 13.30229870 -12 766 1006 5 23 0
74 52.63173950 13.29961090 -59 0 5000 5 24 0
75 52.55925050 13.38637540 -38 1532 1772 5 25 0
76 52.61042190 13.30908520 -29 2230 2470 5 26 0
77 52.60488830 13.32238750 -29 3074 3314 5 27 0
78 52.60890500 13.34284570 -35 842 1082 5 28 0
79 52.63603320 13.29432470 -35 0 5000 5 29 0
80 52.54454430 13.24425110 -21 2022 2262 5 30 0
81 52.42555100 13.50024410 -28 1926 2166 5 31 0
82 52.43470270 13.58885790 -43 3224 3464 5 32 0
83 52.58613400 13.29391510 -52 310 550 5 33 0
84 52.53617640 13.56622710 -41 96 336 5 34 0
85 52.51298700 13.39884230 -30 939 1179 5 35 0
86 52.48019400 13.42287360 -53 2764 3004 5 36 0
87 52.59992840 13.29488500 -32 0 5000 5 37 0
88 52.62287480 13.31125590 -57 802 1042 5 38 0
89 52.64054960 13.49573660 -18 1185 1425 5 39 0
90 52.44248620 13.31015360 -59 1155 1395 5 40 0
91 52.41198440 13.40047940 -52 2261 2501 5 41 0
92 52.43866000 13.38622500 -27 3555 3795 5 42 0
93 52.55625870 13.43597390 -34 4075 4315 5 43 0
94 52.58089840 13.22460180 -13 4593 4833 5 44 0
95 52.39642880 13.57648160 -31 4548 4788 5 45 0
96 52.42155880 13.36608250 -30 4305 4545 5 46 0
97 52.44901200 13.35562500 -36 3452 3692 5 47 0
98 52.62166130 13.24535140 -25 3987 4227 5 48 0
99 52.60214630 13.31126120 -27 4170 4410 5 49 0
100 52.38473260 13.41015350 -45 3699 3939 5 50 0
EDGES
0 49 40 41 37 28 44 43 44 11 12 26 13 15 44 47 43 36 46 14 41 42 13 45 4 12 41 52 30 12 45 28 44 45 12 10 44 39 25 49 23 45 13 39 25 29 10 26 46 23 10 49 43 13 44 27 46 43 29 27 22 13 12 43 44 7 38 16 33 41 31 43 13 50 50 36 46 43 45 50 37 13 5 40 21 27 21 42 46 48 29 24 25 32 49 11 29 25 46 43 29
48 0 11 30 22 28 7 30 23 42 42 30 40 40 8 5 29 23 8 41 25 24 41 29 48 42 24 4 28 42 27 30 7 15 42 40 32 12 35 3 33 9 47 31 55 24 46 35 9 54 46 18 17 42 8 30 8 8 34 29 35 41 44 35 30 45 23 35 24 25 36 8 44 4 2 21 7 8 11 3 22 42 53 13 46 30 37 11 4 36 34 43 38 27 19 52 41 33 13 10 47
40 11 0 23 13 19 6 22 16 33 33 22 32 32 6 8 22 14 7 33 19 18 33 24 40 33 17 14 20 33 23 22 6 8 33 31 25 4 27 11 25 9 39 24 48 15 38 28 8 47 37 16 11 33 6 21 8 6 25 20 28 32 35 27 22 36 15 27 15 19 29 4 35 12 12 14 8 5 7 13 15 33 44 6 39 22 29 8 9 30 25 34 29 20 16 43 32 25 14 7 39
40 30 22 0 13 21 25 6 34 33 34 22 32 32 25 27 38 11 27 33 37 35 33 7 40 34 32 32 21 34 9 23 26 29 34 32 5 20 27 29 25 26 46 39 56 16 38 40 27 54 38 26 31 33 25 22 27 24 25 22 31 33 35 9 6 36 22 27 9 36 42 25 35 31 31 24 26 24 27 31 9 33 45 21 50 28 29 22 27 44 26 34 29 32 16 44 33 25 27 24 39
37 23 14 13 0 16 18 13 26 31 31 19 29 29 18 20 30 3 19 30 28 27 30 14 37 31 24 25 17 31 13 19 18 21 31 29 15 13 24 22 22 19 42 31 51 13 35 33 20 50 35 23 23 30 18 18 20 17 22 17 27 30 32 20 13 33 16 24 12 28 36 16 33 24 24 18 20 17 19 24 5 31 42 13 45 23 26 15 20 37 23 31 26 25 21 41 30 22 20 17 36
28 29 20 22 17 0 24 24 26 22 22 4 20 20 24 26 29 16 25 21 27 27 21 25 28 22 24 32 3 22 26 3 24 24 22 20 25 19 9 29 7 25 29 28 38 11 26 23 26 36 26 29 25 22 24 2 26 23 13 3 12 21 23 24 24 24 13 15 14 27 28 22 24 30 30 15 26 23 25 30 18 22 33 20 32 10 12 22 26 34 14 22 17 18 29 32 21 13 27 23 27
44 7 6 26 17 24 0 25 17 37 37 26 36 36 2 4 23 18 3 37 20 19 37 25 44 37 18 10 23 38 23 26 2 9 37 36 28 7 30 7 29 5 42 26 50 20 42 30 4 49 42 15 12 37 2 25 4 2 29 25 30 36 39 31 26 40 18 31 20 20 31 3 39 7 7 16 3 2 5 9 18 37 48 7 41 25 33 5 4 31 30 38 33 22 15 48 37 29 13 4 43
43 30 23 6 13 23 26 0 34 36 37 25 35 35 25 28 38 12 27 36 37 35 36 3 43 37 33 33 24 37 6 25 26 29 37 35 7 21 30 30 28 26 49 39 58 19 41 40 28 56 41 23 32 36 25 25 28 24 28 24 34 36 38 12 2 39 22 30 13 36 43 25 38 31 31 24 27 25 28 31 9 36 48 21 51 30 32 23 27 44 29 37 32 32 13 47 36 28 25 24 42
42 21 15 32 24 24 16 32 0 34 38 27 33 39 16 18 8 24 16 33 5 3 40 33 41 35 7 24 23 35 34 25 16 8 38 38 34 17 27 21 26 20 32 12 37 25 45 19 17 37 44 29 4 39 16 25 17 16 35 24 26 32 42 37 32 37 17 34 25 4 17 14 37 21 21 9 18 16 15 23 26 40 46 19 29 21 29 19 18 16 35 41 37 13 28 49 41 35 26 18 46
11 42 33 34 30 21 37 36 36 0 5 19 3 10 37 39 36 29 38 4 34 35 9 38 9 2 33 44 23 2 38 21 37 37 5 7 37 32 17 41 15 38 16 34 30 22 13 23 39 29 13 42 34 6 37 20 39 36 22 20 14 5 11 36 36 5 30 8 26 33 30 35 4 43 43 28 39 36 38 43 30 10 14 32 27 19 13 34 39 40 22 19 17 24 42 17 21 18 39 36 23
11 42 33 34 30 21 37 36 40 6 0 19 7 7 37 40 41 29 38 8 38 40 5 38 10 5 37 44 23 5 38 21 37 40 2 3 37 32 18 42 16 38 19 39 32 22 11 27 39 30 10 42 39 1 37 20 39 36 22 20 15 9 7 36 36 5 31 9 26 38 34 35 4 43 43 32 39 36 38 43 30 6 15 32 28 23 14 35 39 45 22 17 18 29 42 16 21 18 39 36 21
26 31 22 23 19 4 26 25 29 19 19 0 18 18 26 28 32 18 27 19 30 30 19 27 26 19 27 33 6 20 27 3 26 27 19 18 26 21 9 30 7 27 30 31 39 11 24 25 28 38 24 31 27 19 26 2 28 25 11 3 12 18 21 25 25 22 16 13 15 30 31 24 21 32 32 18 28 25 27 32 19 19 30 21 33 12 12 23 28 37 12 20 15 21 31 30 19 11 28 25 25
13 41 32 33 29 20 36 35 35 3 7 18 0 9 36 38 36 27 37 2 33 34 11 36 11 4 32 43 21 4 37 20 36 36 7 9 35 31 16 40 14 37 16 33 32 21 15 22 38 31 15 40 33 8 36 19 38 35 20 19 12 4 13 35 35 7 29 7 25 32 29 34 6 41 41 27 37 34 37 42 29 11 16 31 27 18 12 33 38 40 21 18 16 23 41 19 20 17 38 35 22
14 41 32 33 29 20 36 35 40 10 7 18 9 0 36 38 41 27 37 10 38 40 3 36 14 10 38 43 21 10 37 20 36 38 7 6 35 31 17 40 14 37 23 39 36 21 12 28 38 34 12 40 39 7 36 19 38 35 20 19 14 12 8 35 35 10 30 7 25 38 35 34 9 41 41 31 37 35 37 42 29 6 19 31 33 22 13 33 38 45 21 12 14 29 41 18 17 17 38 35 16
43 8 6 25 17 23 2 24 18 37 37 25 35 35 0 5 24 17 4 36 21 19 36 24 43 37 19 11 23 37 22 25 3 10 37 35 27 7 31 8 28 5 42 27 51 19 41 30 4 50 41 14 12 37 1 25 4 1 29 24 31 36 38 30 25 39 18 30 19 20 32 3 39 8 8 17 3 2 6 9 17 37 48 6 42 25 32 4 5 32 29 37 32 23 14 47 36 28 12 3 42
46 5 8 28 19 25 4 27 20 39 39 28 38 38 5 0 26 20 6 39 23 21 39 26 46 39 21 8 25 39 25 28 4 12 39 37 30 9 32 5 31 6 44 29 53 21 44 32 6 52 43 17 14 39 5 27 6 5 31 26 33 38 41 33 27 42 20 33 21 22 34 5 41 6 6 19 4 5 8 7 19 39 50 10 44 27 35 8 2 34 31 40 35 25 17 49 38 31 14 7 45
43 29 22 39 30 29 23 38 9 36 41 32 35 41 24 26 0 30 24 35 5 7 42 40 42 37 7 31 29 37 40 31 23 15 40 41 41 23 29 29 30 27 33 12 37 32 47 20 24 37 47 35 12 41 24 31 24 24 41 30 28 34 44 43 38 39 23 36 32 5 17 22 39 29 29 15 25 23 23 30 32 42 46 25 30 23 31 27 26 15 41 45 40 14 35 51 44 39 33 26 50
36 25 16 13 5 16 20 12 27 30 30 18 28 28 19 22 32 0 21 29 30 29 29 14 36 30 26 27 17 30 14 18 20 23 30 28 15 15 23 24 21 21 42 32 51 12 34 33 22 49 34 25 25 29 19 18 22 18 21 17 27 29 31 19 13 32 16 23 11 29 36 18 32 25 25 18 21 19 21 26 5 30 41 15 44 23 25 17 22 37 22 30 25 25 21 40 29 21 22 19 35
45 8 7 27 19 25 3 27 19 39 39 27 37 37 4 6 25 19 0 38 21 20 38 26 45 39 20 11 24 39 25 27 2 11 39 37 29 8 31 8 30 7 43 27 52 21 43 31 4 50 43 17 13 39 4 27 1 4 30 26 32 38 40 32 27 41 19 32 21 21 32 4 41 9 9 17 5 4 5 10 19 39 50 9 43 26 34 7 6 32 31 39 34 24 16 49 38 30 14 5 44
14 41 32 34 30 20 36 35 35 4 8 18 2 10 36 39 36 28 38 0 33 34 11 37 12 5 32 44 22 5 37 20 36 36 7 10 36 31 17 41 15 37 17 33 33 21 16 22 38 31 16 41 33 9 36 19 38 35 21 19 13 4 14 35 36 7 29 8 25 33 29 35 7 42 42 27 38 35 37 43 30 12 17 32 28 18 12 34 38 40 21 18 17 24 41 20 20 18 39 36 23
41 25 19 37 28 27 20 36 6 34 39 30 33 39 20 22 5 28 20 33 0 4 40 38 40 35 6 28 27 35 38 29 20 12 38 39 39 21 27 25 27 24 31 11 36 30 45 18 21 36 45 33 9 39 20 29 21 20 39 28 26 32 42 41 36 37 21 34 30 1 16 18 37 26 26 13 22 20 19 27 30 40 44 23 29 21 29 23 23 12 39 43 38 12 32 49 42 37 30 22 48
41 24 18 35 27 26 19 35 5 34 39 30 33 39 19 21 7 27 19 33 4 0 40 36 40 35 5 27 26 35 37 28 19 11 38 39 37 19 27 24 27 23 31 10 35 28 45 18 19 35 45 31 7 39 19 28 20 19 38 27 26 32 42 40 35 37 20 34 28 4 15 17 37 24 24 12 21 19 18 26 29 40 44 21 28 21 29 22 21 15 38 43 38 12 31 49 42 37 29 21 48
12 42 33 34 30 21 37 36 41 9 5 19 11 3 37 39 42 29 38 12 39 41 0 38 12 8 39 44 23 8 38 21 37 40 6 3 37 32 18 42 15 38 22 40 34 22 10 29 39 32 9 42 40 5 37 20 39 36 22 20 15 13 6 36 36 9 31 9 26 39 36 35 8 43 43 32 39 36 38 43 30 4 17 32 31 24 14 34 39 46 22 13 16 30 42 16 19 18 39 36 18
45 30 24 7 14 25 25 3 36 38 38 27 37 37 24 27 40 13 27 38 38 37 37 0 45 38 34 32 25 38 5 27 25 31 38 36 7 22 32 29 30 26 50 41 60 20 43 42 27 58 42 22 33 38 24 26 27 23 30 26 35 37 40 14 4 41 24 32 14 38 44 26 40 30 30 26 26 25 29 31 10 38 49 22 53 31 34 22 27 45 30 39 34 34 12 48 37 30 24 24 44
4 49 40 41 37 28 44 43 43 10 11 26 12 14 44 46 43 36 45 12 41 41 12 44 0 10 40 51 30 10 45 28 44 44 11 9 44 39 25 48 22 45 13 39 24 29 11 26 46 23 11 49 41 12 44 27 46 43 29 27 22 12 12 43 43 6 37 16 33 40 31 42 12 50 50 35 46 43 45 50 37 13 7 39 21 26 21 41 46 47 29 24 24 31 49 13 28 25 46 43 28
10 42 33 34 30 21 37 36 37 2 5 19 4 10 37 40 37 29 39 5 35 36 8 38 9 0 34 45 23 1 38 21 37 38 4 6 37 32 17 42 16 38 16 35 31 22 13 24 39 29 12 42 35 5 37 20 39 36 22 20 14 6 11 36 37 4 31 9 26 34 31 36 3 43 43 29 39 36 38 43 30 9 14 33 27 20 13 35 39 41 22 18 17 25 42 16 21 18 39 36 22
39 24 17 32 24 23 18 32 8 32 37 27 31 37 19 21 8 24 19 31 7 5 38 33 38 33 0 26 23 33 34 25 18 10 36 37 34 17 25 24 25 22 29 9 34 25 43 16 19 34 43 29 7 37 19 25 19 19 35 24 24 30 40 37 32 35 17 32 25 6 14 17 35 24 24 9 20 18 18 25 26 38 42 19 27 19 27 22 21 16 35 41 36 10 29 47 40 35 27 21 46
50 4 13 32 23 30 9 31 25 43 43 32 42 42 10 7 31 24 10 43 28 26 43 31 50 44 26 0 30 44 29 32 9 17 43 42 34 14 37 3 35 10 49 34 58 26 48 37 11 56 48 16 19 43 10 31 11 10 35 31 38 42 45 37 32 46 25 37 26 27 39 10 45 3 4 23 9 10 13 2 24 43 54 14 48 32 39 13 6 38 36 44 39 30 21 54 43 35 11 12 49
29 29 20 22 17 2 24 24 26 22 22 5 20 20 24 26 29 17 25 21 27 27 21 26 28 22 24 32 0 22 26 4 24 24 22 20 25 19 9 29 8 25 29 27 38 11 26 22 26 36 26 29 24 22 24 3 26 23 14 3 11 21 24 24 24 25 13 15 14 27 28 22 24 30 30 15 26 23 25 31 18 22 33 20 32 9 13 22 27 34 14 23 18 18 29 32 21 13 27 24 27
10 42 33 35 30 21 37 36 37 2 5 19 4 10 37 40 38 29 39 5 35 36 8 38 9 1 34 45 23 0 38 21 37 38 4 6 37 32 18 42 16 38 16 35 31 22 13 24 39 29 12 42 35 5 37 20 39 36 22 20 14 6 11 36 37 4 31 9 26 34 31 36 4 43 43 29 39 36 38 43 31 9 14 33 27 20 13 35 39 42 22 18 18 25 42 16 21 18 40 36 23
45 28 23 9 14 25 23 6 36 38 39 27 37 37 22 25 40 12 25 38 39 37 38 4 45 39 34 30 26 39 0 27 23 30 38 37 10 21 32 27 30 23 51 41 60 21 43 42 25 58 43 20 32 38 22 27 25 21 30 26 36 37 40 16 6 41 24 32 16 38 45 24 40 28 28 26 24 23 27 29 10 38 49 20 53 32 34 20 25 46 31 39 34 34 10 49 38 30 22 22 44
28 31 22 24 19 3 26 25 28 22 22 3 20 20 26 28 31 18 27 21 29 29 21 27 28 22 26 33 5 22 27 0 26 26 22 20 26 21 8 31 7 27 29 30 39 12 26 24 27 37 26 31 26 21 26 2 27 25 13 4 11 20 23 26 26 24 15 15 16 29 30 24 24 31 31 17 28 25 26 32 20 22 33 21 33 11 11 23 28 36 14 22 17 20 31 32 21 13 28 25 27
44 7 6 26 17 23 2 25 17 37 37 26 36 36 2 4 23 18 2 37 20 19 37 25 44 37 18 10 23 37 23 26 0 9 37 35 28 7 30 7 29 5 42 26 50 20 42 30 3 49 41 15 12 37 2 25 3 2 29 24 30 36 39 31 26 40 18 31 20 20 31 3 39 7 7 16 4 2 5 8 18 37 48 7 41 25 33 5 4 31 29 38 33 22 15 48 36 29 13 4 43
45 14 8 29 20 24 9 29 9 36 40 27 35 38 10 12 15 21 10 36 12 11 39 30 44 37 10 17 23 38 30 26 9 0 40 38 31 10 28 15 27 13 36 18 43 22 44 24 10 43 44 22 4 40 10 25 10 10 32 25 28 34 42 33 29 39 16 33 22 12 23 8 40 15 15 11 11 9 9 16 21 40 49 12 35 22 31 13 12 23 32 41 36 17 21 50 39 31 20 11 46
11 42 33 34 30 21 37 36 40 5 2 19 7 7 37 40 41 29 39 7 38 39 6 38 10 4 37 45 23 4 38 21 37 40 0 4 37 32 18 42 16 38 18 38 32 22 11 26 39 30 11 42 38 2 37 20 39 36 22 20 15 9 8 36 37 5 31 9 26 37 34 36 4 43 43 32 39 36 38 43 30 7 15 33 28 23 14 35 39 45 22 16 18 28 42 16 21 18 39 36 20
10 40 31 33 28 19 35 34 40 7 3 17 9 5 35 38 41 27 37 9 38 39 3 36 10 6 37 43 21 6 36 19 35 38 4 0 35 30 16 40 14 36 20 38 32 20 8 28 37 30 8 40 38 3 35 18 37 34 20 18 13 10 6 34 35 6 29 7 24 38 35 34 5 41 41 30 37 34 36 41 29 4 14 31 28 22 12 33 37 45 20 15 16 29 40 14 20 16 38 34 20
43 33 25 6 15 24 28 7 36 37 37 25 35 35 27 30 41 14 29 36 39 38 36 7 43 37 35 35 25 37 10 26 28 32 37 35 0 23 31 32 28 28 49 41 59 19 41 42 30 57 41 27 34 37 27 26 30 26 29 25 35 36 39 12 6 39 25 30 13 39 45 27 39 33 33 27 29 27 30 34 11 37 48 23 53 31 32 25 30 46 29 37 32 34 18 47 36 28 29 27 42
39 12 4 21 12 18 7 20 18 32 32 21 31 31 7 9 24 13 8 32 21 20 32 22 39 32 18 15 19 32 21 21 7 10 32 30 23 0 26 12 24 10 40 24 48 15 37 28 9 47 36 15 13 32 7 20 9 7 24 19 27 31 34 26 21 35 14 26 15 20 29 6 34 13 13 14 9 6 9 14 13 32 43 3 39 21 28 6 10 31 24 33 28 20 14 42 31 24 12 8 38
24 35 27 28 24 9 29 30 27 16 18 9 15 16 30 32 28 23 31 16 25 27 17 32 24 16 25 37 10 16 32 9 29 27 18 16 31 26 0 35 4 32 24 26 33 16 22 18 31 32 22 36 26 17 30 9 31 30 16 10 6 15 19 30 31 19 17 11 20 25 26 28 19 35 35 18 31 29 30 36 24 18 29 26 27 10 6 29 32 32 16 19 15 16 36 28 19 14 33 30 24
48 3 11 30 21 27 7 29 23 41 41 30 40 40 8 5 29 22 8 41 25 24 41 29 48 41 24 4 28 41 27 30 7 15 41 39 32 12 35 0 33 8 47 31 55 24 46 35 9 54 45 17 17 41 8 29 8 8 33 28 35 40 43 35 30 44 23 35 24 25 36 8 43 5 3 21 7 8 11 3 22 41 52 12 46 30 37 11 4 36 33 42 37 27 19 52 40 33 12 10 47
23 33 23 25 21 8 28 27 28 16 16 7 14 14 27 30 30 19 29 15 27 29 15 28 22 16 26 35 9 16 29 8 28 27 16 14 27 23 4 32 0 28 26 28 36 13 20 21 29 34 20 32 27 16 27 8 30 26 12 9 8 15 18 27 27 19 17 9 17 27 28 26 18 33 33 18 29 26 29 34 21 16 27 23 30 9 5 25 30 34 13 16 12 18 32 26 16 11 30 27 21
44 9 9 26 18 24 5 26 21 38 38 26 36 36 5 6 27 19 7 37 24 22 37 25 44 38 22 11 25 38 23 26 5 13 38 36 28 10 32 8 29 0 45 30 54 20 42 34 7 53 42 16 16 38 5 26 7 5 30 25 33 37 40 31 26 40 20 31 20 23 35 6 40 9 9 20 2 6 9 10 18 38 49 9 45 27 33 8 6 35 30 38 33 26 15 48 37 29 13 7 43
13 46 39 47 42 29 41 48 34 15 19 31 16 23 41 44 33 41 42 16 31 32 22 50 13 15 31 49 28 16 50 30 41 36 19 20 49 39 26 46 27 45 0 29 22 35 21 16 43 20 21 51 34 19 41 30 43 41 34 30 22 15 22 49 49 16 32 21 39 31 21 39 18 47 47 28 43 41 42 48 42 23 17 41 16 23 23 44 44 38 35 32 30 22 51 23 34 31 49 43 36
40 31 24 39 31 28 26 39 13 34 39 31 33 39 27 29 12 31 27 34 11 10 40 40 40 36 9 34 27 36 41 30 26 18 39 39 41 24 28 31 28 30 30 0 33 32 45 17 27 33 45 36 15 39 27 29 27 27 40 29 26 32 43 43 39 36 24 34 32 11 13 24 38 32 32 16 28 26 26 33 33 41 44 26 26 22 29 29 29 15 40 43 39 11 36 49 43 38 34 28 48
24 55 48 56 51 38 50 58 38 30 34 40 32 36 51 53 37 50 51 33 36 35 34 59 24 31 34 58 38 31 60 40 50 43 34 32 59 48 36 55 36 54 23 33 0 47 32 23 52 3 32 60 40 34 51 40 52 51 48 39 33 32 34 58 58 28 41 37 48 36 22 48 33 56 56 37 52 50 51 57 52 35 25 50 13 32 35 53 53 42 49 46 45 30 60 34 49 46 58 52 50
29 28 18 17 15 10 23 20 30 23 23 11 21 21 22 25 34 13 24 22 33 31 22 21 29 23 28 30 11 23 22 12 23 25 23 21 19 17 17 27 14 23 35 35 46 0 27 31 24 45 27 27 28 23 22 11 25 21 13 10 20 22 25 19 20 26 18 16 9 32 36 21 25 28 28 20 24 21 24 29 14 23 34 18 40 18 18 20 25 40 13 24 18 26 27 33 22 14 25 22 28
10 47 38 39 35 26 42 41 46 13 11 24 15 12 42 44 47 34 43 16 44 46 10 43 11 13 44 49 28 13 43 26 42 45 12 8 42 37 23 47 20 43 21 45 32 27 0 33 44 30 3 47 45 10 42 25 44 41 27 25 20 17 7 41 41 12 36 14 31 44 38 40 13 48 48 37 44 41 43 48 35 8 14 37 28 29 19 39 44 51 27 21 23 35 47 11 26 23 44 41 26
26 35 28 39 32 22 30 38 22 23 28 25 22 29 30 32 21 31 31 23 18 19 30 40 26 24 17 38 22 24 40 24 30 24 27 29 41 28 20 35 21 34 16 17 24 31 33 0 31 23 33 40 22 28 30 24 32 30 33 23 18 21 33 42 38 25 23 25 32 17 11 28 27 35 35 16 32 29 30 37 32 31 29 30 14 17 20 32 32 24 33 36 32 9 40 35 35 31 37 32 41
46 9 7 28 19 25 4 27 18 39 39 28 38 38 4 6 24 20 4 39 21 20 39 27 46 39 19 12 25 39 25 27 3 10 39 37 30 8 32 9 31 8 43 27 52 21 44 32 0 51 43 17 13 39 4 27 5 4 31 26 32 38 41 33 28 42 19 33 21 20 32 4 41 10 10 18 6 4 4 11 20 39 50 9 43 26 35 7 7 32 31 40 35 24 17 49 38 31 15 6 45
22 54 47 55 49 37 49 56 38 29 32 38 30 35 49 51 37 49 50 31 36 36 33 58 23 29 35 57 36 29 58 38 49 43 32 30 57 47 34 54 35 53 21 33 3 45 30 23 50 0 30 59 40 32 49 38 51 49 46 38 31 30 32 56 56 26 40 35 47 36 23 47 31 55 55 35 51 48 50 56 50 33 23 49 12 31 33 51 51 43 47 44 44 30 59 32 47 44 56 51 49
10 47 38 39 35 26 42 41 46 13 10 24 15 12 42 44 47 33 43 16 44 46 10 42 11 12 44 49 27 13 43 26 42 44 11 8 41 37 23 46 20 43 21 45 32 27 3 33 44 30 0 47 45 10 42 25 44 41 26 25 20 17 7 41 41 12 36 13 31 44 38 40 13 47 47 37 43 41 43 48 35 8 14 37 28 28 19 39 44 51 27 21 22 35 47 12 26 23 44 41 25
48 18 16 26 22 28 15 23 30 42 42 30 40 40 14 17 36 22 17 41 33 32 41 21 48 42 30 17 28 42 20 30 15 22 42 40 27 15 35 16 33 16 50 36 59 24 46 40 17 57 46 0 25 41 14 29 17 13 33 29 37 41 43 33 23 44 24 35 24 32 41 16 44 18 17 24 16 15 19 16 22 42 53 13 51 31 37 12 17 43 34 42 37 32 12 52 41 33 5 14 47
43 17 11 32 22 24 12 31 6 34 39 27 33 39 12 14 12 23 12 33 9 7 40 33 42 35 7 20 23 35 32 26 12 4 38 39 34 13 27 17 26 16 33 15 40 25 45 21 13 40 45 25 0 39 12 25 13 12 34 25 26 32 42 36 32 37 17 34 25 8 20 10 37 18 18 9 14 12 11 19 24 40 46 15 32 21 29 15 15 20 35 41 37 14 24 49 41 34 22 14 46
12 42 33 34 30 21 37 36 40 6 1 19 8 7 37 39 41 29 38 9 38 40 5 37 10 5 38 44 23 5 38 21 37 40 2 3 37 32 18 41 15 38 19 39 32 22 10 27 39 31 10 42 39 0 37 20 39 36 22 20 15 9 7 36 36 5 31 9 26 38 34 35 5 43 43 32 39 36 38 43 30 6 15 32 29 24 14 34 39 45 22 17 18 29 42 16 21 18 39 36 21
43 8 6 25 17 23 2 24 18 37 37 25 35 35 1 5 24 17 4 36 21 19 36 24 43 37 19 10 23 37 22 25 3 10 37 35 27 7 31 8 28 5 42 27 51 19 41 30 4 50 41 14 12 37 0 25 4 1 29 24 31 36 39 30 25 39 18 30 19 20 32 3 39 8 8 17 3 2 6 9 17 37 48 6 42 25 32 4 5 32 29 37 32 23 14 47 36 28 12 3 42
27 31 21 23 18 3 25 25 27 21 21 3 19 19 25 28 31 18 27 20 29 29 20 27 27 21 26 33 5 21 27 2 25 25 21 19 26 20 9 30 8 26 30 29 40 11 25 24 27 38 25 30 26 20 25 0 27 24 12 2 12 20 22 25 25 23 14 14 15 29 30 24 23 31 31 17 27 24 26 32 19 21 32 21 34 11 12 23 28 36 13 21 16 19 30 31 20 12 28 25 26
46 8 8 28 19 25 4 27 19 39 39 28 38 38 4 6 25 20 1 39 22 20 39 27 46 39 20 11 25 39 25 28 3 11 39 37 30 9 32 9 31 7 44 28 52 22 44 32 5 51 43 17 13 39 4 27 0 4 31 26 32 38 41 33 28 42 20 33 22 21 33 5 41 9 9 18 5 4 5 10 20 39 50 9 43 27 35 7 6 33 31 40 35 24 17 49 38 31 15 6 45
42 8 6 24 16 22 2 24 18 36 36 24 34 34 1 5 24 17 4 35 21 19 35 23 42 36 19 11 23 36 21 24 3 10 36 34 26 7 30 8 27 5 42 27 51 18 40 30 4 50 40 13 12 36 1 24 4 0 28 23 31 35 38 29 24 39 18 29 18 20 32 3 38 9 9 17 4 2 6 10 16 36 47 5 42 25 31 3 5 32 28 37 32 23 13 46 35 27 11 2 41
28 35 25 27 23 13 30 29 37 21 21 12 20 19 29 32 41 21 31 20 38 38 20 30 27 21 35 37 15 21 31 13 30 32 21 19 29 24 15 34 12 30 33 39 47 13 25 32 31 45 25 34 35 21 29 12 32 28 0 13 19 20 23 28 29 24 25 14 19 38 39 28 23 35 35 27 31 28 31 36 23 21 32 25 41 20 17 27 32 45 1 19 13 29 34 31 14 8 32 29 22
26 31 21 23 19 3 25 25 27 19 20 3 18 18 25 28 31 17 27 19 29 29 19 26 26 20 26 33 5 20 27 3 25 25 20 18 25 21 10 30 8 26 30 29 40 11 24 24 27 38 24 30 26 19 25 2 27 24 11 0 13 19 21 24 25 22 14 13 15 28 30 24 22 31 31 17 27 24 26 32 19 20 31 21 34 11 13 23 28 36 12 20 15 19 30 30 19 11 28 25 25
23 35 27 31 27 11 30 33 27 15 16 12 14 15 30 32 28 26 31 14 25 27 16 35 23 15 24 38 11 15 35 12 29 27 16 15 34 26 8 35 9 33 22 26 32 20 21 17 31 30 21 38 26 16 30 13 31 30 20 12 0 14 18 33 34 18 18 10 23 25 25 28 17 35 35 18 32 29 30 36 27 16 27 28 26 9 5 31 32 32 21 22 18 16 38 27 21 18 35 32 26
13 41 32 34 30 20 37 36 32 5 9 18 4 12 36 39 33 28 38 4 30 32 13 37 12 6 29 44 21 6 37 20 37 33 9 11 36 31 16 41 15 37 15 31 31 22 17 19 38 29 17 41 31 10 36 19 38 35 21 19 13 0 15 35 36 7 26 9 25 30 26 35 8 42 42 24 38 35 37 43 30 13 17 32 25 15 12 34 38 37 21 21 17 21 41 19 21 18 39 36 25
12 44 35 36 32 23 39 38 44 11 7 21 13 8 39 42 44 31 40 14 42 43 6 40 12 10 41 46 25 10 40 23 39 42 8 6 39 34 20 44 18 40 23 42 34 24 7 31 41 32 6 44 42 7 39 22 41 38 24 22 17 15 0 38 39 11 33 11 28 41 39 38 10 45 45 34 41 38 40 45 32 3 16 35 30 26 16 37 41 48 24 17 19 32 44 14 23 20 41 38 21
42 37 27 8 19 23 32 12 39 35 35 24 34 34 31 34 43 18 33 35 42 40 35 14 42 35 37 39 23 36 16 25 32 34 35 33 11 26 29 36 27 32 48 44 58 18 40 42 33 56 39 33 36 35 31 24 33 30 27 24 33 34 37 0 13 38 27 29 13 41 47 30 37 37 37 29 33 30 32 38 15 35 46 27 52 29 31 29 33 49 27 36 31 37 23 46 34 27 34 31 41
43 31 23 6 13 23 26 2 34 37 37 25 35 35 25 28 39 12 27 36 37 36 36 4 43 37 33 33 24 37 6 26 26 30 37 35 6 21 31 30 28 26 49 39 58 19 41 40 28 57 41 23 32 37 25 25 28 24 29 24 34 36 38 12 0 39 23 30 13 37 43 25 39 31 31 25 27 25 28 32 9 37 48 21 51 30 32 23 28 44 29 37 32 32 14 47 36 28 25 25 42
7 45 36 37 33 24 40 39 38 5 9 22 7 13 40 43 39 32 41 8 36 37 12 41 6 5 35 47 26 5 41 24 40 39 8 10 40 35 20 45 19 41 16 36 28 25 14 24 42 26 13 45 36 9 40 23 42 39 25 23 17 7 13 39 39 0 32 11 29 36 32 38 7 46 46 30 42 39 41 46 33 13 11 35 24 21 16 38 42 43 25 22 20 26 45 15 24 21 42 39 26
38 23 15 23 16 13 18 22 19 29 32 16 29 30 18 20 23 15 19 29 21 20 31 24 37 31 17 26 12 31 24 15 18 16 31 30 25 14 17 23 17 22 32 23 41 16 36 24 19 40 36 26 17 31 18 15 20 18 25 14 19 28 33 27 22 32 0 25 16 21 27 16 33 23 23 9 20 17 19 25 16 31 42 16 34 13 21 18 20 28 25 32 28 16 26 42 31 24 23 20 37
16 36 27 28 24 15 31 30 35 9 9 13 7 7 31 33 36 23 32 8 33 35 8 31 15 9 32 38 17 9 32 15 31 33 9 7 31 26 12 35 9 32 21 34 37 16 13 25 33 35 13 36 34 9 31 14 33 30 15 14 9 9 11 30 30 11 25 0 20 33 32 29 11 36 36 26 32 30 32 37 24 9 20 26 31 17 8 28 33 40 16 13 11 24 36 19 15 12 33 30 18
32 25 16 10 13 13 20 13 27 26 26 14 24 24 20 23 32 10 22 25 30 29 25 14 32 26 26 28 14 26 16 15 20 23 26 24 12 15 19 25 17 21 38 32 48 8 30 33 22 46 30 25 25 26 20 15 22 19 17 14 23 25 27 13 13 28 16 19 0 30 36 19 28 26 26 18 22 19 21 26 12 26 37 16 42 20 21 18 22 37 18 26 21 25 24 36 25 17 22 19 31
41 25 18 36 27 27 19 36 6 34 38 30 33 39 20 22 5 28 20 33 1 4 40 37 40 35 6 27 26 35 38 29 19 11 38 38 38 20 27 25 27 23 30 11 36 29 45 18 20 36 44 32 8 39 20 29 20 20 39 28 26 32 42 40 36 37 21 33 29 0 16 18 37 25 25 13 21 19 19 26 30 40 44 22 29 21 29 23 22 12 39 42 38 12 32 49 42 37 30 22 47
31 36 29 42 35 28 31 41 18 30 34 31 29 36 32 34 17 34 32 29 16 15 37 43 30 31 14 39 27 31 43 30 31 23 34 35 44 29 27 37 27 35 21 13 22 35 38 11 32 23 38 41 20 35 32 30 32 32 39 29 25 28 39 46 42 32 26 32 35 16 0 30 33 37 37 20 33 31 31 38 36 37 34 31 15 22 28 34 34 23 40 43 38 12 41 40 42 37 39 33 48
43 8 4 25 16 22 3 25 16 36 36 25 35 35 4 6 22 17 4 36 19 18 35 26 43 36 17 11 21 36 24 24 3 8 36 34 27 6 29 8 28 7 40 25 49 18 41 29 5 48 40 17 11 36 4 24 5 4 28 23 29 35 38 29 25 39 16 30 18 19 30 0 38 9 9 15 5 3 4 10 18 36 47 8 40 23 32 7 6 30 28 37 32 21 16 46 35 28 14 5 42
10 44 35 36 32 23 39 38 39 4 4 21 6 9 39 42 40 31 40 7 37 38 8 40 9 4 36 46 25 4 40 23 39 40 4 6 39 34 20 44 18 40 18 38 31 24 13 26 41 29 12 44 38 5 39 22 41 38 24 22 16 8 10 38 38 4 33 11 28 37 33 37 0 45 45 31 41 38 40 45 32 8 14 34 27 22 16 37 41 44 24 18 19 28 44 16 23 20 41 38 22
49 4 11 31 22 29 7 30 23 42 42 31 41 41 8 6 29 23 9 42 26 24 42 30 49 42 24 3 28 43 28 31 7 15 42 41 33 12 36 5 34 9 47 32 56 25 47 36 9 55 47 17 18 42 8 30 9 8 34 30 36 41 44 36 31 45 23 36 25 25 37 8 44 0 4 22 8 8 11 2 23 42 53 13 47 30 38 11 5 37 35 43 38 28 20 53 42 34 12 10 48
49 2 11 31 22 29 7 30 23 42 42 31 41 41 8 6 29 23 9 42 26 25 42 30 49 42 24 4 29 43 28 31 7 15 42 41 33 12 36 3 34 9 47 32 56 25 47 36 10 55 47 17 18 42 8 30 9 8 34 30 36 41 44 36 31 45 23 36 25 25 37 8 44 5 0 22 8 8 11 3 23 42 53 13 47 30 38 11 5 37 35 43 38 28 20 53 42 34 12 10 48
37 21 13 24 17 15 16 24 12 27 32 18 27 31 16 18 15 17 17 27 13 13 32 25 35 29 10 24 14 29 26 17 16 11 32 31 26 14 18 21 18 19 28 15 38 17 37 18 17 36 37 26 10 32 16 17 17 16 27 16 19 25 34 29 24 30 9 26 17 13 20 14 31 21 21 0 18 15 16 22 18 32 40 15 29 13 21 18 18 20 27 33 29 10 26 42 32 27 23 18 38
45 7 7 27 19 25 3 26 19 39 39 27 37 37 3 4 25 19 5 38 22 21 38 26 45 39 20 10 25 39 24 27 3 11 39 37 29 8 32 7 30 2 44 28 52 21 43 32 6 51 43 16 14 38 3 26 5 3 30 26 32 38 40 32 27 41 20 32 21 22 33 5 41 8 8 18 0 4 7 9 19 39 50 8 43 27 34 6 5 33 31 39 34 24 16 49 38 30 14 5 44
43 8 4 25 16 22 2 24 17 36 36 25 35 35 2 5 23 17 4 36 20 19 35 25 43 36 18 11 22 36 23 24 2 9 36 34 27 5 29 8 28 6 41 26 50 18 41 30 4 49 40 15 12 36 2 24 4 2 28 23 30 35 38 30 25 39 17 30 18 20 31 3 38 8 8 16 4 0 5 9 17 36 47 7 41 24 32 5 5 31 28 37 32 22 15 46 35 28 12 4 42
45 10 7 28 18 24 5 27 17 38 38 27 37 37 6 8 23 19 5 38 20 18 38 28 45 38 18 13 24 38 26 27 5 9 38 36 30 9 31 11 30 9 42 26 51 21 43 30 4 49 42 19 11 38 6 26 5 6 30 25 31 37 40 32 28 41 19 32 21 19 31 4 40 11 11 17 7 5 0 12 20 38 49 10 42 26 34 9 8 31 30 39 34 23 18 48 37 30 16 7 44
50 3 13 32 23 29 9 31 24 43 43 32 42 42 10 7 30 24 10 43 27 26 43 31 50 43 26 2 30 43 29 32 9 17 43 41 34 14 37 3 35 10 49 33 57 26 48 37 11 56 47 16 19 43 9 31 10 10 35 30 37 42 45 37 31 46 25 37 26 27 38 10 45 2 4 23 9 10 13 0 23 43 54 14 48 32 39 13 6 38 35 44 39 29 21 53 42 35 11 11 49
39 24 16 10 6 19 19 9 30 32 32 21 31 31 18 21 34 5 21 32 32 31 31 10 39 32 28 26 19 32 10 21 19 23 32 30 12 14 26 23 24 20 44 34 54 14 37 36 21 52 36 24 26 32 18 20 21 17 24 20 29 31 34 16 9 35 18 26 13 32 38 19 34 24 24 20 20 18 21 25 0 32 43 15 47 25 28 16 21 39 24 33 28 28 17 42 31 24 21 18 38
13 42 33 34 30 21 37 36 42 9 6 19 11 6 37 40 43 29 39 12 40 41 4 38 12 8 39 45 23 9 38 21 37 40 7 4 37 32 18 42 16 38 22 40 34 22 8 30 39 33 8 42 40 5 37 20 39 36 22 20 15 13 3 36 37 9 31 9 26 40 37 36 8 43 43 32 39 36 38 43 30 0 17 33 31 24 14 35 39 47 22 16 18 30 42 16 22 18 40 36 20
6 54 45 46 42 33 49 48 48 15 16 31 17 19 49 51 47 41 50 18 45 46 17 50 8 15 44 56 35 16 50 33 49 49 16 14 49 44 30 54 28 50 17 43 25 34 15 30 51 23 15 54 47 17 49 32 51 48 34 32 27 17 17 48 48 11 42 21 38 45 35 47 17 55 55 40 51 48 50 55 42 18 0 44 25 31 26 47 51 52 34 29 30 36 54 17 33 30 51 48 34
39 13 6 21 12 19 7 21 20 32 33 21 31 31 6 10 26 13 8 32 23 22 32 22 39 33 19 15 19 33 20 21 7 12 33 31 23 3 26 12 24 9 41 26 50 15 37 30 9 48 37 13 15 32 6 20 9 5 24 20 28 32 34 26 21 35 15 26 15 22 31 8 34 13 13 15 8 7 10 14 13 32 44 0 41 22 28 4 10 32 25 33 28 22 12 43 32 24 10 6 38
21 47 39 50 43 32 42 50 31 26 29 33 26 33 42 44 30 43 43 27 29 28 31 51 21 26 27 50 31 26 52 33 42 36 29 28 52 40 29 47 30 45 16 26 13 40 28 14 43 12 28 52 33 30 42 33 43 42 41 33 26 25 30 51 50 24 35 31 42 28 15 40 28 47 47 28 44 41 42 48 44 31 24 41 0 26 28 44 44 35 42 42 39 22 52 30 42 39 49 44 47
28 30 22 28 23 9 25 30 23 19 23 12 18 23 25 27 24 23 26 18 21 22 24 31 26 20 20 33 9 20 32 11 25 22 23 22 31 21 10 30 9 28 22 21 32 18 29 16 26 30 28 33 21 24 25 11 26 25 21 10 10 17 26 30 30 21 14 17 20 20 22 23 22 30 30 13 27 24 25 31 24 24 31 23 26 0 13 26 27 28 22 25 20 11 33 34 24 19 30 27 30
21 38 28 30 26 13 33 32 31 13 14 12 12 13 32 35 32 24 34 13 29 30 14 33 21 13 28 40 14 14 34 13 33 31 14 12 32 28 6 37 5 33 23 29 35 18 19 21 34 33 18 37 29 14 32 13 35 31 17 14 4 12 16 31 32 16 21 8 22 28 29 31 16 38 38 22 34 31 34 39 26 14 25 28 29 13 0 30 35 36 18 18 15 19 37 25 18 15 35 32 23
41 11 8 23 14 21 5 22 21 34 35 23 33 33 4 8 27 15 7 34 24 22 34 22 41 35 22 14 21 35 20 23 5 13 35 33 25 6 28 11 26 8 43 29 52 17 39 33 7 50 39 12 15 34 4 22 7 3 26 22 30 34 36 28 23 37 17 28 17 23 34 6 36 11 11 17 6 5 9 13 15 34 46 4 44 24 30 0 8 35 27 35 30 25 12 45 34 26 10 4 40
45 4 8 27 19 25 4 27 20 39 39 27 37 37 5 3 26 20 6 38 23 21 38 26 45 39 21 7 25 39 24 27 4 12 39 37 29 9 33 4 30 6 44 29 53 21 43 33 6 52 43 17 15 39 5 27 6 5 31 26 33 38 41 32 27 41 20 32 21 22 34 5 41 5 5 19 5 5 8 5 19 39 50 10 44 27 34 8 0 34 31 39 34 25 16 49 38 30 13 7 44
48 36 30 45 37 34 31 44 17 41 46 37 40 46 31 33 15 37 31 40 12 15 47 46 47 42 15 39 34 42 46 36 31 23 45 46 46 31 34 36 34 34 38 15 42 38 52 25 31 42 52 43 19 46 31 36 32 31 46 35 33 39 49 49 44 44 29 41 38 12 22 29 44 36 36 21 33 30 30 37 38 47 51 33 35 28 36 34 33 0 46 50 45 19 43 56 49 44 41 33 55
28 35 26 27 23 14 30 29 37 21 21 12 20 20 30 32 42 22 31 21 39 39 21 31 28 21 36 37 16 22 31 14 30 33 21 20 30 25 15 35 13 31 34 39 47 14 26 32 32 46 26 35 35 21 30 13 32 29 1 13 19 20 23 29 29 24 26 15 19 38 39 28 23 36 36 28 32 29 31 36 23 21 32 25 41 21 17 28 32 46 0 18 13 29 35 32 14 8 32 29 21
24 43 34 35 31 22 38 37 43 19 17 20 17 12 38 41 45 30 40 18 42 44 13 39 23 18 42 46 24 18 39 22 38 41 16 15 38 33 19 43 16 39 32 43 45 23 21 36 40 44 21 43 42 17 38 21 40 37 18 21 20 20 17 37 38 18 32 13 27 42 43 37 18 44 44 33 40 37 39 44 32 15 28 34 42 25 18 36 40 49 18 0 8 33 43 27 8 11 41 37 6
24 38 29 30 26 17 33 32 38 16 17 15 15 13 33 36 40 25 34 16 37 39 15 34 23 17 36 40 19 17 34 17 33 36 17 15 33 28 14 38 11 34 29 38 45 18 21 31 35 43 21 38 37 17 33 16 35 32 13 16 16 17 18 32 33 19 27 10 22 37 38 31 19 39 39 28 35 32 34 39 26 17 28 28 39 19 14 31 35 44 13 6 0 28 38 27 6 6 35 32 11
32 27 20 31 23 18 22 30 15 25 29 21 24 29 22 24 14 23 23 24 11 13 30 32 32 26 11 30 17 26 32 20 22 16 29 29 33 20 18 27 18 26 22 11 30 24 35 9 23 29 35 32 14 29 22 19 24 22 30 19 17 23 33 35 30 27 15 24 24 11 12 20 28 28 28 8 24 21 23 29 24 31 36 22 21 12 19 24 24 18 30 33 29 0 32 40 33 28 29 24 38
48 19 16 17 21 28 15 13 30 42 42 30 40 40 14 17 36 20 16 41 33 31 41 12 48 42 30 22 28 42 10 30 15 22 42 40 18 14 35 19 33 15 50 36 59 24 46 40 17 58 46 12 24 41 14 30 17 13 33 29 37 41 43 23 14 44 24 35 23 32 41 16 44 20 20 24 16 15 19 21 17 42 53 12 51 31 37 12 16 43 34 42 37 32 0 52 41 33 14 14 47
11 53 44 45 41 32 48 47 50 17 16 30 19 18 48 50 51 40 49 20 48 50 16 49 13 17 48 55 34 17 49 32 48 51 16 14 48 43 29 53 26 49 23 49 34 33 11 35 50 32 12 53 49 16 48 31 50 47 33 31 26 19 14 47 47 15 42 20 37 48 40 46 17 54 54 42 50 47 49 54 41 16 16 43 30 33 25 45 50 55 33 28 29 39 53 0 32 29 50 47 33
28 42 33 34 30 21 37 36 43 21 22 19 20 17 37 40 45 29 38 21 42 43 19 38 28 22 41 44 22 22 38 21 37 40 21 20 37 32 18 42 16 38 34 43 50 22 26 36 39 48 26 42 42 22 37 20 39 36 14 20 21 22 23 36 37 24 32 15 26 42 42 35 23 43 43 32 39 36 38 43 30 21 33 32 44 24 19 35 39 49 14 8 5 33 42 32 0 9 39 36 13
26 34 25 26 22 13 29 28 36 19 19 11 18 17 29 32 40 21 31 18 38 38 18 30 25 19 35 37 15 19 30 13 29 32 19 17 29 24 14 34 12 30 31 38 46 14 23 31 31 44 23 34 34 19 29 12 31 28 8 12 18 18 21 28 29 22 25 12 18 37 38 28 21 35 35 27 31 28 30 35 23 19 30 25 40 20 16 27 31 44 8 12 6 28 34 29 9 0 32 28 16
46 13 14 28 19 25 13 25 28 39 39 28 38 38 12 14 33 20 14 39 31 29 39 24 46 39 27 12 26 39 22 28 13 20 39 37 29 12 33 11 31 13 48 34 57 21 44 37 15 55 43 5 22 39 12 27 15 11 31 26 34 38 41 33 25 42 22 33 21 30 39 14 41 13 12 22 14 13 16 11 20 39 50 10 49 29 35 10 14 40 31 40 35 29 14 49 38 31 0 11 45
43 10 7 24 16 22 4 24 19 36 36 25 35 35 3 7 25 17 5 36 22 21 36 23 43 36 21 12 23 36 22 25 4 12 36 34 26 8 30 10 28 7 44 28 52 19 41 32 6 51 40 14 14 36 3 24 6 2 28 23 31 35 38 30 24 39 19 30 19 22 33 5 38 10 10 18 5 4 8 11 16 36 47 6 43 26 32 4 7 33 28 37 32 24 14 46 35 28 11 0 42
30 50 41 42 38 29 45 44 50 25 23 27 23 18 45 47 52 36 46 24 49 50 19 45 29 24 48 52 31 24 46 29 45 47 22 21 45 40 25 49 23 46 38 49 51 30 27 42 47 50 27 50 49 23 45 28 47 44 23 28 26 26 23 44 44 24 38 19 34 49 49 43 24 50 50 39 46 44 46 51 38 21 34 40 48 31 24 42 47 56 22 8 14 40 50 33 14 17 47 44 0
EOF