NAME: pdptw-n20-ber2
LOCATION: Berlin
COMMENT:  ber20-1
TYPE: PDPTW
SIZE: 21
DISTRIBUTION: cluster-random (5 / 1.2)
DEPOT: random
ROUTE-TIME: 800
TIME-WINDOW: 180
CAPACITY: 100
NODES
0 52.41296680 13.26320680 0 0 800 0 0 0
1 52.50967770 13.20062690 38 186 366 5 0 11
2 52.61130110 13.22218670 13 637 800 5 0 12
3 52.45295160 13.25693270 34 638 800 5 0 13
4 52.41548760 13.51655580 34 0 800 5 0 14
5 52.43103070 13.28342910 59 430 610 5 0 15
6 52.42506460 13.21667330 24 0 101 5 0 16
7 52.40991640 13.49712740 13 219 399 5 0 17
8 52.42485890 13.52732660 44 33 213 5 0 18
9 52.40443100 13.56608870 30 526 706 5 0 19
10 52.54637730 13.34868000 13 496 676 5 0 20
11 52.46125870 13.30932770 -38 211 391 5 1 0
12 52.55972680 13.21436380 -13 660 767 5 2 0
13 52.48953490 13.30619630 -34 655 783 5 3 0
14 52.54857360 13.35478840 -34 0 800 5 4 0
15 52.60725610 13.23407230 -59 480 660 5 5 0
16 52.55418900 13.33836390 -24 31 211 5 6 0
17 52.50323120 13.44441170 -13 248 428 5 7 0
18 52.37824760 13.40302910 -44 63 243 5 8 0
19 52.50399790 13.35119790 -30 562 742 5 9 0
20 52.58872750 13.36970100 -13 512 692 5 10 0
EDGES
0 29 39 10 34 8 10 34 31 40 27 14 34 17 28 37 29 33 26 23 35
28 0 29 21 35 25 24 35 32 41 20 20 13 14 21 28 22 31 39 19 28
38 28 0 31 44 35 34 45 42 51 20 30 18 24 20 4 18 36 49 27 22
10 22 34 0 31 9 9 32 28 37 22 9 27 12 23 32 23 30 28 18 30
35 35 45 32 0 30 36 5 6 14 33 25 40 23 34 43 35 23 25 24 41
8 26 36 9 29 0 11 30 26 35 24 9 31 14 25 34 26 28 23 18 32
10 24 36 9 35 10 0 35 32 41 25 15 30 16 26 35 26 34 31 22 33
35 36 45 32 5 30 36 0 8 16 34 26 40 23 35 44 35 24 23 25 42
32 33 42 29 6 27 33 8 0 11 31 23 37 20 32 41 32 21 25 22 39
42 42 52 39 15 37 42 17 11 0 40 32 46 30 41 50 42 27 34 31 48
27 20 22 21 33 24 23 34 31 40 0 19 19 13 3 20 4 18 38 11 11
14 21 30 9 25 9 15 25 22 31 18 0 25 8 19 29 20 24 25 12 26
33 13 19 27 40 30 29 40 37 46 19 25 0 19 20 18 21 35 44 23 27
17 15 24 12 23 14 17 23 20 29 13 8 19 0 14 23 14 21 28 7 21
28 21 22 22 34 25 25 34 31 40 3 20 20 15 0 21 5 17 38 12 11
36 28 4 30 43 33 33 43 40 49 19 28 18 23 19 0 17 34 47 26 20
28 20 20 21 34 25 24 35 32 40 4 20 20 14 4 19 0 20 39 13 10
34 32 39 31 23 29 35 24 21 27 19 24 36 21 19 37 21 0 33 15 23
27 41 50 29 24 24 32 23 25 34 38 26 45 28 39 48 40 34 0 30 46
23 20 29 19 26 19 24 26 23 32 10 13 24 8 12 27 13 14 30 0 20
35 27 22 28 41 32 31 42 39 47 11 27 27 21 11 20 11 22 46 21 0
EOF