NAME: pdptw-n20-ber2
LOCATION: Berlin
COMMENT:  ber20-1
TYPE: PDPTW
SIZE: 21
DISTRIBUTION: cluster-random (5 / 1.2)
DEPOT: random
ROUTE-TIME: 800
TIME-WINDOW: 180
CAPACITY: 100
NODES
0 52.43418560 13.48913860 0 0 800 0 0 0
1 52.59606910 13.21796230 29 0 175 5 0 11
2 52.44773870 13.37544080 53 662 800 5 0 12
3 52.41397190 13.51231760 17 0 154 5 0 13
4 52.61757980 13.23303160 57 256 436 5 0 14
5 52.43795720 13.47813520 23 0 150 5 0 15
6 52.43493990 13.39384140 48 361 541 5 0 16
7 52.41524070 13.47390700 35 184 364 5 0 17
8 52.40943170 13.48763500 41 315 495 5 0 18
9 52.41911170 13.51362420 12 578 758 5 0 19
10 52.52946460 13.33081960 49 342 522 5 0 20
11 52.51084310 13.59906950 -29 59 239 5 1 0
12 52.44312450 13.49516640 -53 684 795 5 2 0
13 52.60741860 13.33943850 -17 46 226 5 3 0
14 52.46068230 13.13331440 -57 317 497 5 4 0
15 52.60425470 13.29752850 -23 41 221 5 5 0
16 52.45123180 13.36752530 -48 375 555 5 6 0
17 52.40954030 13.50877560 -35 376 556 5 7 0
18 52.54096400 13.12873810 -41 373 553 5 8 0
19 52.50914990 13.30565910 -12 621 775 5 9 0
20 52.47489680 13.48025870 -49 377 557 5 10 0
EDGES
0 43 16 8 40 3 17 6 8 5 28 27 5 37 44 36 16 8 43 25 12
42 0 36 47 8 41 40 45 47 45 25 54 43 19 34 15 35 47 27 28 41
16 37 0 21 34 15 6 19 20 19 22 37 17 31 39 30 3 20 37 20 15
8 47 21 0 44 10 21 9 7 4 32 29 10 41 49 40 21 3 47 30 16
39 8 33 44 0 38 37 42 44 42 22 51 40 16 41 12 32 44 34 25 38
3 41 15 10 38 0 15 8 10 8 26 30 7 35 43 34 15 9 41 24 10
17 41 6 21 38 15 0 18 20 20 26 40 19 35 42 34 7 19 41 23 18
7 46 19 9 43 8 18 0 5 8 31 31 9 40 48 39 20 7 46 29 15
8 48 20 7 45 10 20 5 0 7 33 31 10 42 49 40 21 6 48 30 17
5 45 19 4 42 8 20 8 7 0 30 27 8 39 47 38 19 6 45 28 14
28 26 22 32 23 26 26 31 33 30 0 35 29 20 32 19 21 32 29 9 27
28 55 38 29 52 30 39 31 31 27 35 0 28 44 60 48 38 30 59 37 25
5 43 17 10 40 8 19 8 10 8 29 26 0 37 45 36 17 10 44 26 10
36 19 31 41 16 35 34 40 41 39 20 44 38 0 40 8 30 41 36 22 36
43 34 38 48 41 42 41 47 48 46 32 60 45 40 0 39 37 48 22 29 42
35 15 29 40 12 34 33 38 40 38 19 47 36 9 38 0 28 40 33 21 34
16 36 3 21 33 15 7 19 21 19 21 38 17 30 38 29 0 21 37 19 15
8 47 20 3 44 9 20 7 6 6 32 30 10 41 49 40 21 0 47 30 16
42 27 36 47 34 41 40 46 47 45 29 59 43 36 22 33 35 47 0 28 41
25 28 20 30 25 24 23 29 30 28 9 37 27 22 29 21 19 30 28 0 25
12 42 16 17 39 11 17 15 17 15 27 25 10 36 43 35 16 17 42 25 0
EOF