NAME: pdptw-n20-ber2
LOCATION: Berlin
COMMENT:  ber20-1
TYPE: PDPTW
SIZE: 101
DISTRIBUTION: cluster-random (10 / 1.2)
DEPOT: random
ROUTE-TIME: 5000
TIME-WINDOW: 240
CAPACITY: 100
NODES
0 52.62602060 13.24201000 0 0 5000 0 0 0
1 52.48363800 13.33292870 12 3038 3278 5 0 51
2 52.49990060 13.41719570 29 4323 4563 5 0 52
3 52.58941310 13.44430920 22 4119 4359 5 0 53
4 52.43512290 13.30755560 25 2650 2890 5 0 54
5 52.53053560 13.57050230 43 1284 1524 5 0 55
6 52.56639370 13.38174180 36 4222 4462 5 0 56
7 52.45871750 13.38710280 15 1803 2043 5 0 57
8 52.44270390 13.24280670 15 1172 1412 5 0 58
9 52.61746540 13.32218100 59 3853 4093 5 0 59
10 52.53845440 13.38925000 19 344 584 5 0 60
11 52.57161320 13.36476150 41 0 5000 5 0 61
12 52.53821320 13.54177930 28 2412 2652 5 0 62
13 52.43846030 13.34710470 25 3630 3870 5 0 63
14 52.52369930 13.39499220 20 0 5000 5 0 64
15 52.58987720 13.39553730 31 2152 2392 5 0 65
16 52.54206470 13.60952200 15 2842 3082 5 0 66
17 52.50506810 13.41576880 34 2151 2391 5 0 67
18 52.55044940 13.38948260 54 3376 3616 5 0 68
19 52.48961920 13.32895840 23 1507 1747 5 0 69
20 52.62225800 13.34041250 31 2893 3133 5 0 70
21 52.43319750 13.30095990 31 1216 1456 5 0 71
22 52.49885200 13.42698030 53 920 1160 5 0 72
23 52.43470160 13.26353300 31 1552 1792 5 0 73
24 52.45236670 13.43649350 56 0 5000 5 0 74
25 52.44277110 13.25855260 18 3911 4151 5 0 75
26 52.42760990 13.24284380 16 2180 2420 5 0 76
27 52.50039260 13.42355100 51 1920 2160 5 0 77
28 52.42454980 13.27375660 25 1599 1839 5 0 78
29 52.58816740 13.44439920 53 2585 2825 5 0 79
30 52.55936910 13.40347970 56 2214 2454 5 0 80
31 52.46529680 13.37549230 19 501 741 5 0 81
32 52.60777670 13.47135310 45 4746 4986 5 0 82
33 52.53057050 13.39468000 52 668 908 5 0 83
34 52.57420850 13.35801410 30 3817 4057 5 0 84
35 52.43939940 13.31368960 44 4504 4744 5 0 85
36 52.49014120 13.33572220 36 0 5000 5 0 86
37 52.48735330 13.33341400 27 4752 4992 5 0 87
38 52.49170190 13.62572880 39 988 1228 5 0 88
39 52.42612840 13.32226600 26 2800 3040 5 0 89
40 52.63858300 13.28199890 38 0 5000 5 0 90
41 52.44178170 13.58113680 15 2978 3218 5 0 91
42 52.38484360 13.41818360 35 1412 1652 5 0 92
43 52.55268310 13.52249450 59 4736 4976 5 0 93
44 52.41221840 13.67164860 39 2612 2852 5 0 94
45 52.50194720 13.43406760 33 0 5000 5 0 95
46 52.54672610 13.40573440 48 1329 1569 5 0 96
47 52.41008320 13.48885280 55 4332 4572 5 0 97
48 52.55053870 13.19972750 12 1052 1292 5 0 98
49 52.59476060 13.39994870 60 1801 2041 5 0 99
50 52.39619470 13.40126820 54 1062 1302 5 0 100
51 52.53063740 13.40230240 -12 3061 3301 5 1 0
52 52.53312160 13.27372180 -29 4351 4591 5 2 0
53 52.53335180 13.43420610 -22 4139 4379 5 3 0
54 52.57212790 13.41893530 -25 2697 2937 5 4 0
55 52.58891200 13.22322710 -43 1342 1582 5 5 0
56 52.53157950 13.39619070 -36 4239 4479 5 6 0
57 52.51779450 13.38851180 -15 1822 2062 5 7 0
58 52.54917700 13.47877820 -15 1218 1458 5 8 0
59 52.45258780 13.38569980 -59 4131 4371 5 9 0
60 52.48754060 13.39158400 -19 364 604 5 10 0
61 52.46763210 13.12495490 -41 0 5000 5 11 0
62 52.44203510 13.24074700 -28 2466 2706 5 12 0
63 52.61670980 13.30310420 -25 3676 3916 5 13 0
64 52.48772350 13.32678630 -20 0 5000 5 14 0
65 52.62290410 13.30895970 -31 2174 2414 5 15 0
66 52.43709960 13.56296470 -15 3113 3353 5 16 0
67 52.54874430 13.37690770 -34 2175 2415 5 17 0
68 52.54349750 13.13603420 -54 3420 3660 5 18 0
69 52.44722770 13.24226430 -23 1531 1771 5 19 0
70 52.47154360 13.33984520 -31 2939 3179 5 20 0
71 52.54884430 13.36596140 -31 1248 1488 5 21 0
72 52.40613910 13.53378620 -53 952 1192 5 22 0
73 52.48151550 13.59536020 -31 1605 1845 5 23 0
74 52.51486600 13.57822220 -56 0 5000 5 24 0
75 52.61713810 13.32801510 -18 3953 4193 5 25 0
76 52.57408980 13.50483410 -16 2232 2472 5 26 0
77 52.46035270 13.28553920 -51 2187 2427 5 27 0
78 52.52296700 13.59282060 -25 1891 2131 5 28 0
79 52.50397970 13.41124830 -53 2610 2850 5 29 0
80 52.58488940 13.44812730 -56 2230 2470 5 30 0
81 52.61514540 13.22379390 -19 537 777 5 31 0
82 52.49706370 13.55078370 -45 4797 4947 5 32 0
83 52.60877230 13.32180750 -52 694 934 5 33 0
84 52.42203820 13.59331940 -30 3869 4109 5 34 0
85 52.48975920 13.29538190 -44 4524 4764 5 35 0
86 52.42201380 13.23571140 -36 0 5000 5 36 0
87 52.60307690 13.38647060 -27 4801 4973 5 37 0
88 52.51212260 13.62797360 -39 1240 1480 5 38 0
89 52.57332240 13.40594500 -26 2841 3081 5 39 0
90 52.55848690 13.37109040 -38 0 5000 5 40 0
91 52.55777070 13.46542300 -15 3015 3255 5 41 0
92 52.53848400 13.20236320 -35 1464 1704 5 42 0
93 52.42089180 13.32394700 -59 4797 4961 5 43 0
94 52.55884490 13.19236810 -39 2676 2916 5 44 0
95 52.44419580 13.40239940 -33 0 5000 5 45 0
96 52.47325660 13.41975530 -48 1362 1602 5 46 0
97 52.42499290 13.50325600 -55 4345 4585 5 47 0
98 52.52018190 13.54764400 -12 1115 1355 5 48 0
99 52.53500430 13.48189080 -60 1834 2074 5 49 0
100 52.53873590 13.42039180 -54 1101 1341 5 50 0
EDGES
0 27 34 31 34 51 22 32 32 18 27 20 49 35 28 26 56 34 25 27 20 35 35 33 34 32 37 34 35 32 28 30 37 27 19 34 28 27 56 37 11 50 47 42 61 36 28 45 24 26 45 29 21 33 27 12 27 28 38 34 35 42 32 14 27 15 46 24 36 33 28 22 47 56 51 18 40 28 54 32 33 6 52 14 54 25 38 27 55 27 21 34 27 38 25 36 37 41 49 38 30
28 0 15 30 14 37 21 11 17 27 17 21 35 13 15 28 43 15 18 3 29 14 15 15 13 16 19 16 16 30 24 9 34 16 22 12 3 2 40 15 32 28 26 30 39 17 20 23 23 28 24 18 14 19 24 29 16 12 27 12 12 30 17 25 3 26 24 18 30 20 6 17 26 37 35 27 32 11 38 13 27 28 36 24 33 7 21 32 39 24 19 25 22 17 25 15 16 20 33 25 19
36 16 0 22 23 26 18 15 29 31 12 19 24 20 10 23 31 3 15 15 33 24 4 25 14 26 29 3 26 21 17 14 26 11 20 22 14 15 29 24 37 27 29 20 38 6 14 22 32 23 27 11 23 10 18 36 12 7 18 16 8 40 27 32 15 31 24 14 40 31 17 15 25 29 24 31 22 22 27 2 19 36 25 27 31 19 30 27 28 19 17 16 31 25 35 18 10 19 21 14 11
31 31 22 0 39 25 12 31 36 24 16 12 22 37 19 10 27 21 14 29 24 39 23 38 34 37 41 23 40 1 11 30 8 17 13 38 30 30 35 41 31 39 47 15 50 22 13 42 34 9 44 15 25 15 6 32 16 19 15 33 26 46 36 26 30 25 38 14 44 38 32 16 45 35 29 24 10 33 28 20 4 31 31 21 44 29 42 12 34 9 14 10 34 42 37 35 29 38 25 16 13
35 12 22 39 0 44 28 14 11 34 27 28 42 7 25 36 50 22 29 14 36 3 22 7 17 9 11 23 7 39 33 13 43 26 28 4 14 13 45 5 39 32 20 38 43 24 30 27 30 36 17 28 21 28 33 36 26 22 36 14 17 37 10 32 13 33 28 28 37 14 10 26 30 41 42 34 40 7 45 21 37 35 42 30 37 13 12 39 46 33 27 34 29 6 32 16 20 24 40 32 29
52 37 26 25 45 0 31 36 50 45 28 33 7 42 26 33 9 25 28 36 46 45 24 46 34 48 51 25 47 26 28 35 29 27 34 43 36 37 14 45 52 21 47 13 32 23 26 32 51 33 44 26 42 22 28 53 27 26 20 37 30 59 49 46 37 46 20 31 59 52 38 32 28 15 6 46 16 44 4 24 24 52 11 42 26 40 52 35 12 29 30 19 50 47 53 38 31 30 8 15 23
23 21 19 12 28 31 0 25 26 17 9 4 29 29 12 9 35 18 6 20 17 29 20 27 28 26 31 19 29 12 6 24 18 10 6 28 21 20 37 31 23 40 41 22 51 19 9 38 24 9 38 10 15 14 6 24 10 12 18 27 21 36 26 18 21 17 39 6 33 27 23 6 41 37 32 17 20 23 33 17 14 24 33 13 44 19 32 13 36 7 3 14 23 32 26 30 26 34 28 18 12
33 10 15 32 13 36 26 0 20 32 20 26 35 7 17 32 42 14 22 12 34 14 15 17 7 19 21 15 17 31 27 5 35 18 27 14 12 11 36 11 37 23 16 30 34 17 23 18 28 32 14 21 19 20 28 34 19 14 28 3 9 35 20 30 11 31 19 22 35 23 10 22 21 32 34 32 33 14 37 13 29 34 33 29 28 13 23 36 39 28 24 26 27 12 31 7 11 15 32 24 21
35 16 28 39 11 50 28 21 0 33 30 28 48 16 28 36 55 28 29 16 36 10 28 5 23 5 8 29 8 39 33 18 44 29 28 13 18 16 51 13 38 38 29 44 49 30 32 33 27 36 26 31 20 33 33 35 29 26 41 21 23 34 2 32 16 33 34 28 34 7 16 26 35 47 48 34 45 8 50 26 40 35 48 30 43 13 8 39 52 33 26 38 26 15 30 24 26 29 45 38 32
17 26 31 25 33 45 17 31 31 0 22 13 43 34 24 16 49 31 20 26 7 34 32 32 33 31 36 31 34 25 21 29 30 24 12 33 27 26 51 36 11 49 46 35 60 33 23 44 28 17 44 24 20 28 20 18 23 24 32 33 33 41 31 6 26 5 45 19 37 32 27 18 46 51 46 3 33 27 47 29 26 18 47 4 53 24 37 17 50 20 16 27 27 37 29 35 37 40 42 33 25
29 18 12 17 26 28 9 19 29 22 0 10 26 25 6 15 34 12 4 16 24 27 14 28 22 28 32 13 29 17 11 18 21 4 11 25 16 16 32 28 29 34 34 20 45 14 6 32 26 15 32 5 17 9 11 29 4 6 16 21 14 38 28 23 17 23 33 5 36 30 19 6 34 32 27 23 19 24 29 11 15 29 28 19 39 19 34 19 31 11 7 13 26 30 29 23 20 28 24 14 6
20 21 19 12 27 32 4 26 25 13 11 0 30 28 13 9 37 19 8 20 16 28 20 27 28 26 30 19 29 13 9 24 18 12 2 27 21 20 39 30 20 42 41 23 52 21 11 38 23 9 39 12 14 16 8 21 12 13 19 27 21 35 25 14 20 14 39 7 33 27 22 6 41 38 33 14 20 22 34 17 14 20 34 10 46 18 31 13 38 8 4 15 23 32 26 30 26 35 30 20 14
49 35 24 22 43 6 29 34 48 42 25 30 0 40 24 30 11 23 25 34 43 43 22 44 32 46 49 23 45 23 25 33 26 24 31 41 34 35 18 44 49 24 46 10 35 21 24 35 48 30 44 23 39 19 25 50 24 24 17 35 28 58 47 44 35 43 23 28 57 50 36 30 31 17 11 43 13 42 9 22 21 50 13 39 28 38 50 32 16 27 27 16 47 45 50 36 29 32 7 12 20
36 12 20 38 7 42 30 7 16 35 25 29 40 0 23 37 47 20 27 13 37 8 20 12 13 14 16 21 11 37 32 8 41 24 30 9 14 12 42 5 40 29 17 36 40 22 29 23 31 37 13 27 22 26 33 37 24 20 34 8 15 38 15 33 13 34 25 27 38 19 10 27 26 38 40 35 38 11 43 19 35 36 39 32 34 15 17 40 44 34 28 32 30 6 33 10 17 20 37 30 27
29 16 10 20 25 26 12 17 28 24 6 12 25 22 0 18 32 9 8 14 27 25 11 26 19 27 31 10 28 19 13 16 23 5 13 23 15 15 29 26 31 30 32 20 41 10 10 29 27 19 30 6 18 8 14 30 5 3 17 18 12 37 28 25 15 25 29 8 36 29 17 8 32 29 24 25 21 22 27 8 17 30 25 21 35 18 32 23 29 15 10 14 26 27 29 21 17 26 22 14 9
26 28 23 10 35 32 8 31 33 16 14 9 30 36 18 0 36 22 12 27 15 36 24 34 33 33 38 23 36 10 10 30 16 16 8 35 27 27 39 38 23 43 46 23 54 23 13 43 31 3 44 15 22 16 9 26 15 18 19 33 26 43 33 17 27 17 42 11 40 34 30 13 45 39 34 16 18 30 34 21 12 26 35 13 48 26 39 7 39 8 10 15 30 39 33 35 30 39 30 21 14
56 43 32 28 50 9 35 42 55 49 32 37 11 48 31 36 0 30 32 42 50 51 30 52 39 53 56 30 53 28 32 41 31 31 38 49 42 42 15 51 56 26 53 15 36 29 30 38 55 35 50 30 46 26 32 57 31 31 24 43 35 65 55 50 42 50 26 35 64 57 44 36 34 17 9 50 19 49 7 30 27 56 17 46 31 45 58 38 11 33 34 23 54 53 57 44 37 36 15 19 27
35 15 3 21 23 24 18 14 28 30 12 19 23 20 9 22 30 0 14 15 33 23 4 24 15 26 29 4 25 20 16 13 24 11 20 21 14 15 28 24 37 27 29 19 37 5 13 23 32 22 27 10 23 9 17 36 11 7 17 16 8 40 27 32 15 31 24 14 39 31 16 15 26 27 23 31 21 22 25 2 18 36 23 27 31 18 30 26 27 18 16 15 31 25 35 18 10 19 20 13 10
26 19 14 14 28 28 6 21 27 19 4 7 26 27 8 12 33 14 0 18 21 29 16 29 24 27 32 15 31 14 8 20 19 6 8 27 18 18 33 30 26 35 37 19 46 15 4 34 25 12 34 6 16 10 8 27 5 8 14 23 16 37 27 20 18 20 34 4 34 29 21 5 36 32 28 20 17 24 30 13 13 26 28 16 40 20 33 16 32 8 4 11 24 31 27 25 22 30 25 14 7
27 4 15 29 14 36 20 11 17 26 16 20 35 13 14 27 42 15 18 0 29 14 15 15 13 15 19 16 16 29 23 9 33 15 21 12 2 2 40 15 31 29 27 30 40 17 19 24 22 28 24 17 13 19 23 28 15 12 27 13 12 30 16 24 2 25 25 17 29 19 7 16 26 37 34 27 31 10 37 13 27 28 35 23 33 6 21 31 39 23 18 24 21 17 25 15 16 20 32 24 18
21 30 34 25 36 46 19 35 34 8 26 17 44 37 28 17 51 34 23 30 0 37 36 36 37 35 39 35 38 26 23 33 31 27 16 36 31 29 53 39 16 52 50 37 63 36 26 47 31 17 48 28 23 30 22 21 27 28 33 36 36 44 34 12 29 10 48 23 41 36 31 21 50 52 47 6 33 31 48 33 27 21 48 8 57 27 40 18 52 22 20 29 31 41 33 39 40 44 44 34 28
36 13 23 39 3 44 29 14 10 34 28 29 43 7 25 36 50 23 29 14 37 0 23 5 18 8 9 23 5 39 33 13 44 26 29 5 15 14 46 5 39 33 21 39 44 25 31 28 30 37 17 29 21 29 34 36 27 22 37 14 18 38 9 32 14 33 29 29 37 14 11 27 30 42 42 35 41 7 45 21 37 36 42 31 38 14 10 40 47 34 27 34 29 6 33 16 21 24 40 33 29
38 17 5 24 24 25 21 16 30 33 15 21 23 21 12 25 30 6 17 16 36 25 0 26 15 27 30 3 27 23 19 15 28 13 22 23 15 16 28 25 39 25 29 20 36 4 16 23 34 25 27 13 25 12 20 39 14 9 19 17 9 42 29 34 16 34 24 17 41 32 18 17 25 28 23 34 24 24 26 5 21 38 24 30 29 20 32 29 27 21 19 18 33 26 37 19 10 19 20 15 13
34 13 24 38 7 45 28 16 5 33 28 27 44 11 26 35 51 24 29 15 36 6 24 0 18 3 5 24 3 39 32 14 44 27 28 9 15 14 47 9 38 34 25 39 45 26 32 29 29 36 21 30 20 29 32 35 28 23 38 17 19 35 4 31 14 32 30 28 35 9 12 26 31 42 43 34 42 7 46 22 38 35 43 30 38 13 7 38 48 33 26 35 27 10 31 20 22 25 41 34 30
35 12 14 34 18 33 28 7 24 34 22 28 32 13 19 34 39 15 24 14 36 19 13 20 0 21 24 13 21 33 29 9 37 20 29 17 13 13 31 16 39 19 16 30 29 15 25 13 30 35 14 23 21 22 29 36 21 16 27 7 12 37 23 32 13 33 15 24 37 26 12 24 16 27 31 34 33 18 34 14 31 35 28 31 23 14 26 39 35 30 26 27 29 18 32 7 8 10 29 25 23
34 15 26 38 9 47 28 18 5 33 29 27 46 14 27 35 53 26 29 15 35 8 26 3 20 0 7 26 6 38 32 16 43 28 28 10 16 15 49 11 38 36 27 41 47 28 32 31 28 35 24 30 20 31 32 35 28 25 39 19 21 34 4 31 15 32 32 28 34 8 14 25 33 44 45 33 44 7 48 24 39 34 45 30 40 12 8 38 50 32 26 37 26 13 30 22 24 27 43 36 31
38 18 29 42 11 50 32 21 8 37 33 31 49 15 31 39 56 28 33 19 39 9 29 5 23 7 0 29 7 43 36 19 48 32 32 13 20 19 52 13 42 39 29 44 49 31 36 33 33 39 25 34 24 34 36 39 32 28 42 21 23 39 7 35 19 36 35 32 39 12 16 29 36 47 48 37 47 11 51 27 43 39 48 34 43 16 4 42 53 36 30 40 31 14 35 24 26 30 46 38 35
36 16 3 23 23 25 19 15 29 31 13 19 23 20 10 23 30 3 15 15 33 24 2 25 14 26 29 0 26 22 17 14 26 11 20 22 14 15 28 24 37 25 28 19 36 4 14 22 33 24 26 11 24 10 18 37 12 7 18 16 8 40 27 32 15 31 23 15 40 31 17 15 24 28 23 31 23 22 26 3 20 36 24 28 30 19 30 28 27 20 17 16 32 25 35 18 9 18 21 14 11
36 15 25 40 7 46 30 18 7 35 30 29 45 11 27 37 52 25 31 16 38 5 25 3 20 6 7 26 0 41 34 15 46 29 30 9 16 15 48 9 40 35 24 41 46 27 33 30 31 37 21 31 22 31 34 37 29 24 39 18 20 38 6 33 16 34 31 30 38 11 13 28 32 44 45 36 43 8 47 23 39 37 45 32 40 15 8 40 49 35 28 37 30 10 34 20 23 26 42 35 31
32 31 22 1 39 26 13 31 37 25 17 13 23 37 18 10 28 20 15 29 24 40 22 38 33 37 42 22 40 0 12 30 8 17 14 38 29 29 34 40 31 39 46 16 50 21 14 42 35 10 44 16 26 15 7 32 17 18 14 33 25 47 37 26 30 25 37 15 44 38 32 16 44 34 29 25 11 34 28 20 3 32 30 22 43 30 43 12 34 10 14 10 34 42 37 35 29 38 24 16 13
28 24 16 11 32 27 6 25 30 21 9 9 25 31 12 10 31 15 7 22 21 33 17 32 28 31 35 17 34 12 0 25 16 9 10 31 23 23 33 34 28 36 41 18 47 16 6 36 28 11 38 8 19 10 6 29 9 12 13 27 20 40 30 22 23 22 35 8 38 32 25 10 39 32 27 22 16 27 29 14 11 28 28 18 41 23 36 15 32 7 8 10 28 36 31 30 23 33 24 14 8
31 8 13 31 14 35 24 4 20 30 18 24 33 8 16 31 41 13 20 9 32 14 13 16 8 17 20 14 17 30 25 0 34 17 25 13 9 9 37 12 35 24 19 29 34 15 22 18 26 31 17 20 17 19 26 32 17 13 27 6 8 33 19 28 9 29 20 20 33 22 8 21 21 32 33 30 31 14 36 12 28 31 33 27 28 10 22 35 37 27 23 25 25 13 28 10 11 15 31 23 20
37 35 26 8 44 29 18 35 42 30 21 18 26 41 23 16 31 25 19 33 29 44 27 44 38 43 47 26 46 8 16 34 0 21 19 42 33 33 39 44 36 43 50 19 54 26 18 46 40 14 48 20 31 19 12 38 21 22 18 37 29 52 42 31 34 30 42 20 50 44 36 22 48 38 33 29 14 39 31 24 7 37 34 27 47 35 48 16 38 15 19 14 39 46 42 39 33 42 28 20 17
29 17 11 17 26 27 10 18 29 24 4 12 25 23 5 17 32 11 6 15 26 26 12 27 20 28 32 11 28 17 10 17 21 0 13 24 16 16 30 27 30 32 33 19 43 12 7 30 27 17 31 4 18 8 11 30 2 5 16 19 13 38 29 25 16 24 31 7 36 30 18 8 33 30 25 24 19 23 28 9 15 29 26 21 37 19 33 21 29 13 9 13 26 29 29 22 18 27 22 14 7
19 21 20 13 28 33 6 26 26 12 11 2 31 29 13 8 38 20 9 21 15 29 21 27 28 26 31 20 29 14 10 24 19 13 0 28 22 21 40 31 19 43 42 24 53 22 12 39 24 9 39 13 15 17 9 20 12 13 20 28 22 36 26 13 21 13 40 8 33 27 22 7 41 39 34 13 21 23 35 18 15 19 35 9 47 19 32 12 39 9 5 16 23 32 26 30 27 35 31 21 14
35 11 21 38 4 42 28 13 13 33 25 28 41 8 23 35 48 21 27 12 36 4 21 8 15 10 12 21 8 37 32 11 42 24 28 0 12 11 44 6 38 31 21 36 42 23 29 26 29 36 18 27 20 26 33 35 25 20 34 14 16 37 12 31 12 33 27 26 37 15 9 26 28 39 40 34 39 8 43 19 35 35 40 30 35 14 13 39 45 33 26 32 28 7 32 17 19 22 38 31 27
28 3 15 29 14 36 20 11 17 27 16 20 35 13 14 27 42 14 18 2 29 14 15 15 13 16 19 15 16 29 23 9 33 15 21 12 0 2 40 15 32 29 26 30 39 17 19 23 23 28 24 17 14 19 23 29 15 12 27 13 11 30 17 25 3 26 25 17 30 20 7 16 26 37 34 27 31 11 37 13 27 28 35 24 33 7 21 32 39 24 18 24 22 17 25 15 15 20 32 24 18
28 2 14 30 13 35 21 10 17 26 16 21 34 13 14 28 41 14 18 3 29 14 14 14 12 15 19 14 15 29 24 8 33 16 21 12 2 0 39 15 32 28 26 30 39 16 20 23 22 28 23 18 14 19 24 28 16 12 27 12 11 30 17 25 2 26 24 17 30 19 6 17 25 36 33 27 31 10 36 12 27 28 34 23 32 7 20 32 38 24 19 25 22 16 25 14 15 19 31 24 19
57 40 30 35 46 15 37 36 52 51 32 39 17 42 29 40 15 29 33 40 51 47 28 48 32 49 52 28 49 35 34 37 38 30 40 45 40 40 0 45 57 17 45 23 26 26 31 31 55 40 42 29 46 26 34 58 30 29 27 37 33 63 51 52 41 51 18 36 63 54 40 37 26 7 11 51 26 46 12 28 33 58 14 48 21 42 54 44 7 36 36 27 55 47 58 38 35 28 14 22 28
38 14 24 41 5 45 31 11 13 36 28 31 44 5 26 38 51 24 30 15 39 5 24 9 16 11 13 24 9 40 35 12 45 27 31 6 16 14 46 0 41 33 18 39 43 26 32 27 32 39 14 30 23 29 36 38 28 23 37 11 19 40 12 34 15 36 28 30 39 17 12 29 30 41 43 37 42 9 46 22 38 38 42 33 37 16 14 42 48 36 29 35 31 3 35 13 20 24 41 34 30
11 31 37 31 38 51 23 36 36 11 29 20 49 39 31 23 56 37 26 31 15 39 38 37 38 36 41 38 39 31 28 34 36 30 19 38 32 31 57 41 0 54 51 42 65 39 29 49 32 23 49 31 24 34 27 22 30 31 38 38 38 46 36 9 31 7 50 26 42 37 32 24 51 57 52 11 39 32 53 35 33 16 53 10 58 29 42 24 57 26 22 34 32 42 34 40 41 45 48 39 32
51 29 28 40 35 22 40 25 40 50 35 42 24 30 31 44 28 27 36 30 53 35 25 36 20 38 41 25 37 40 38 25 43 33 43 33 30 29 18 34 55 0 33 28 13 24 35 19 46 44 30 32 37 31 39 52 33 30 32 26 28 54 39 48 30 49 6 38 53 43 28 38 14 13 20 51 32 34 23 27 39 52 17 47 6 31 42 48 21 40 39 32 45 35 49 26 25 16 21 28 32
48 25 29 47 20 46 40 16 29 47 34 41 46 16 32 47 52 29 36 26 49 20 28 24 16 27 28 28 24 46 41 19 50 33 42 21 26 26 44 18 52 31 0 45 42 30 38 21 43 47 5 36 34 35 42 49 33 29 42 15 24 50 28 45 26 46 27 36 50 32 23 37 28 39 44 47 47 25 47 28 44 48 40 43 36 27 29 51 47 43 39 41 42 17 45 15 23 21 43 39 35
43 31 20 16 39 13 22 30 44 36 20 24 10 36 19 24 15 19 20 30 36 39 20 40 31 42 45 20 41 16 19 29 19 19 25 37 30 30 23 39 43 27 45 0 38 19 19 37 42 23 43 18 33 14 18 44 19 19 11 32 24 53 43 37 30 37 26 22 51 45 32 23 34 22 17 37 7 38 16 18 15 43 18 33 32 33 46 26 22 20 21 10 41 41 44 34 26 34 13 9 15
61 39 38 50 45 32 50 35 50 60 45 52 34 40 41 54 36 37 46 40 63 45 35 46 30 48 51 35 47 50 48 35 53 43 53 43 40 39 26 44 65 12 43 38 0 34 45 29 56 54 41 42 47 41 49 62 43 40 42 36 38 64 49 58 40 59 16 48 63 53 38 48 24 22 30 61 42 44 33 37 49 62 27 57 15 41 52 58 30 50 49 42 55 45 59 36 35 26 31 38 42
38 17 6 22 25 23 19 16 30 33 14 21 21 22 10 23 28 5 15 17 34 25 3 26 15 28 31 3 27 21 17 15 25 12 22 23 16 17 26 26 39 23 30 18 34 0 14 23 35 23 28 11 26 10 17 39 12 9 17 18 10 42 29 34 17 33 22 17 42 33 18 17 26 26 21 33 22 24 24 6 19 38 22 30 27 21 32 27 25 19 18 15 34 27 37 19 11 20 18 12 11
30 21 14 13 30 26 9 23 30 23 6 11 24 28 10 13 32 13 4 20 25 31 15 32 25 31 35 14 33 14 7 22 18 7 12 29 20 20 31 32 29 34 38 18 45 14 0 34 28 13 36 6 19 8 8 30 7 10 13 24 17 40 30 24 20 23 33 7 38 32 23 8 36 31 26 23 16 27 28 12 12 30 27 20 39 23 36 17 30 9 8 10 28 33 31 27 21 30 24 13 6
45 22 23 42 28 32 38 18 34 44 32 38 34 23 29 43 38 23 34 24 46 29 21 30 13 32 34 22 31 42 37 19 46 30 39 27 23 23 31 27 49 17 21 37 28 23 34 0 40 44 19 31 31 30 38 46 31 26 34 18 22 47 33 42 23 43 13 34 47 36 22 34 12 26 31 44 40 28 33 23 39 45 27 41 22 24 36 47 34 39 36 34 39 29 42 19 19 7 31 31 31
25 22 32 34 29 52 24 28 27 28 26 23 50 30 27 31 56 32 25 22 31 30 33 28 30 27 32 33 30 35 28 25 40 27 24 29 23 22 56 32 33 45 43 43 56 35 28 40 0 32 40 28 12 32 29 14 27 27 38 29 30 19 27 26 22 27 41 24 14 28 24 22 42 54 50 29 41 24 53 31 36 21 51 25 50 20 33 34 55 29 22 35 4 33 3 31 33 36 48 38 30
26 29 23 9 36 32 9 32 34 17 15 9 30 36 18 3 35 22 12 27 16 36 24 35 34 34 39 24 37 10 10 31 14 16 9 36 27 27 40 38 23 44 47 23 54 23 13 43 31 0 44 15 22 17 9 26 16 18 19 33 27 43 33 18 28 17 42 12 41 35 30 13 46 39 34 16 18 30 34 22 11 26 35 14 48 26 39 6 39 9 10 15 31 40 34 36 31 40 30 21 15
46 23 27 45 17 44 38 14 26 45 32 39 44 13 30 45 50 27 34 24 47 17 26 21 14 24 25 26 21 44 39 17 48 31 40 18 24 24 42 15 50 29 5 43 40 28 36 19 41 45 0 34 32 33 40 47 31 27 40 13 22 48 25 43 24 44 25 34 48 29 21 35 26 37 42 45 45 22 45 26 42 46 38 42 33 25 26 49 45 41 37 39 40 14 43 13 21 19 41 37 34
31 19 11 16 28 26 10 21 31 24 5 12 24 26 6 15 32 10 6 17 26 28 12 29 23 30 34 12 30 16 9 20 20 4 13 26 18 18 30 29 30 32 36 19 43 11 6 32 28 16 34 0 19 8 10 31 3 8 15 22 15 40 31 25 18 25 31 8 38 32 20 10 34 29 24 25 18 25 27 10 13 31 25 21 36 21 35 20 29 11 9 11 28 31 31 25 19 28 22 13 5
21 13 23 25 20 43 15 18 18 20 17 14 41 21 18 22 47 23 16 13 23 21 24 19 20 18 23 24 21 26 19 16 31 17 15 20 14 13 46 23 25 36 33 33 47 26 19 31 11 22 31 19 0 23 19 22 17 18 29 20 21 26 18 18 13 19 32 15 21 19 14 13 33 44 41 20 32 15 44 21 27 22 42 17 40 11 24 25 45 19 13 26 11 24 14 22 24 27 39 29 21
34 20 10 15 29 22 13 20 33 27 8 15 20 26 8 16 28 9 9 19 28 29 11 30 22 31 35 11 31 14 10 19 18 9 16 27 19 19 26 30 33 30 35 14 41 10 7 30 32 16 33 7 23 0 11 34 8 8 10 22 14 42 33 28 19 27 29 11 42 35 22 13 33 25 21 27 14 27 23 9 12 34 21 24 35 22 36 20 25 12 12 8 32 31 35 24 18 27 18 8 4
27 25 18 6 33 27 6 27 31 20 11 8 25 33 14 9 31 17 8 24 20 33 19 32 30 31 36 19 34 7 6 27 12 11 9 33 24 24 34 35 27 38 43 18 49 18 8 38 28 9 40 10 19 12 0 28 11 14 14 29 22 40 31 21 24 21 37 8 38 32 27 10 41 34 29 21 14 27 29 16 8 27 30 17 43 23 37 13 34 4 8 9 28 37 31 32 25 35 24 16 10
12 28 35 32 35 52 23 33 33 18 28 20 50 35 28 26 57 35 25 28 20 35 36 34 35 33 38 35 36 33 29 31 38 28 20 34 29 27 57 37 22 50 48 43 61 37 29 45 14 26 46 30 21 34 28 0 28 28 38 35 35 31 32 15 27 16 46 25 26 34 29 23 48 57 52 19 40 29 54 33 34 8 53 15 55 25 38 27 56 28 22 35 16 39 14 37 38 42 49 39 31
29 17 11 16 26 27 10 18 29 23 4 12 25 24 4 16 32 11 5 16 25 27 12 28 21 28 32 12 29 16 10 17 21 2 13 25 16 16 30 28 30 32 33 19 43 12 7 31 27 16 31 3 18 8 11 30 0 5 16 20 13 38 29 25 16 24 31 7 36 30 19 8 33 30 25 24 19 23 27 10 14 29 26 20 37 19 33 20 29 12 8 12 26 29 29 22 19 27 22 13 6
29 13 7 19 22 26 12 14 26 24 6 12 24 19 3 19 31 7 8 12 27 23 8 24 16 24 28 7 25 18 14 13 22 5 13 21 12 12 29 23 31 30 29 19 41 9 10 26 27 19 27 8 18 8 15 30 5 0 16 15 9 35 25 26 12 25 27 8 34 27 15 8 29 29 24 25 20 20 26 5 16 30 25 21 34 15 30 23 28 15 10 14 26 25 30 18 14 23 21 13 8
38 28 17 15 36 18 17 27 39 31 15 19 16 33 16 20 22 16 15 26 32 36 17 37 28 39 42 17 38 14 14 26 18 16 20 34 27 27 26 36 37 30 42 9 41 16 13 34 36 20 40 15 27 10 14 38 15 16 0 29 21 49 39 32 27 31 29 16 46 40 29 18 36 25 20 31 9 34 20 15 12 38 21 28 34 30 43 24 25 16 16 5 36 38 39 31 24 31 15 7 11
34 12 16 33 14 37 27 3 21 33 21 27 35 7 18 33 43 16 23 13 36 14 16 17 6 19 22 17 18 33 28 6 37 20 28 14 13 12 37 11 38 24 16 32 35 18 24 18 29 34 13 22 20 22 29 35 20 15 30 0 11 37 20 31 13 32 20 23 36 23 11 23 22 33 35 34 34 14 38 14 30 35 34 30 29 14 23 38 39 30 25 27 28 13 32 6 12 15 33 26 22
34 11 8 26 17 29 20 9 23 33 14 21 28 14 12 27 35 8 16 11 35 18 8 19 11 21 23 9 20 25 21 8 29 13 22 16 10 11 33 18 38 27 24 24 37 10 17 21 29 27 22 15 20 14 21 35 13 9 22 10 0 36 22 31 11 32 23 16 36 25 11 17 24 32 28 33 26 17 30 6 23 34 28 29 31 13 25 31 32 23 19 20 28 20 31 13 8 18 25 18 15
42 29 40 47 36 60 37 34 33 42 39 36 58 37 37 44 65 40 38 29 44 37 40 35 36 34 38 40 37 47 41 32 52 38 37 36 30 29 63 39 47 52 49 53 63 43 41 47 19 44 47 40 26 42 41 31 38 35 50 36 37 0 33 40 29 41 48 37 21 35 30 34 49 60 58 42 54 30 60 38 48 38 59 39 56 27 39 47 62 41 35 48 18 40 22 38 39 43 55 47 42
35 16 27 39 10 48 28 20 2 33 30 28 47 15 28 36 54 27 29 16 36 9 27 4 22 4 7 27 6 39 33 17 44 29 28 12 18 16 50 12 38 37 28 42 48 29 32 32 27 36 25 31 20 32 33 35 29 26 41 20 22 34 0 32 16 33 33 28 34 6 15 26 34 46 46 34 45 8 49 25 40 35 46 30 42 13 7 39 51 33 26 38 26 14 30 23 25 28 44 37 32
14 24 31 25 31 46 18 29 29 6 23 14 44 31 24 17 50 31 20 24 11 31 32 30 31 29 34 31 32 26 22 27 31 24 13 31 25 24 52 33 8 47 44 36 57 33 24 41 25 18 42 25 17 29 21 15 24 24 33 31 31 38 29 0 23 2 42 20 35 30 25 19 44 52 47 6 34 25 48 29 27 15 48 5 51 21 34 18 51 21 17 28 25 35 27 33 34 38 43 33 26
27 4 16 30 13 37 20 12 16 26 17 20 35 14 15 28 43 16 18 2 28 14 16 14 14 15 19 16 15 30 24 10 34 16 20 13 3 3 40 16 31 29 27 30 40 18 20 24 22 28 25 18 13 19 24 27 16 12 27 13 13 29 16 24 0 25 25 18 29 19 8 17 27 38 35 26 32 9 38 14 27 27 36 22 34 6 20 31 39 24 19 25 21 17 24 16 17 21 33 25 19
14 25 31 25 32 45 17 30 30 5 23 14 43 33 25 17 50 31 20 25 10 32 33 31 32 30 35 32 33 25 22 28 30 24 13 32 26 25 52 34 7 48 45 36 58 33 23 42 26 17 43 25 18 28 21 16 24 25 32 32 32 39 30 2 25 0 44 20 36 31 26 18 45 51 46 5 33 26 47 30 27 16 47 4 52 22 36 18 51 20 16 28 26 36 28 34 35 39 43 33 26
46 24 24 38 30 20 38 20 35 45 33 39 22 25 29 42 26 24 34 25 48 30 22 31 15 33 36 23 32 38 36 20 41 31 40 28 25 24 18 29 50 5 28 26 16 21 33 13 41 42 25 30 32 29 36 47 31 27 30 21 23 48 34 43 25 44 0 35 48 38 23 35 9 14 18 46 30 29 21 24 36 47 15 42 9 26 37 46 21 38 37 30 40 30 44 21 20 11 19 25 30
26 19 16 14 28 30 5 22 27 19 6 7 28 28 9 12 35 16 3 18 21 29 17 28 25 27 32 16 30 14 8 22 19 8 8 27 18 18 35 30 26 37 38 22 48 17 7 35 24 12 35 8 16 12 8 26 7 9 17 24 18 37 27 20 19 20 36 0 34 28 21 4 37 35 30 20 20 24 32 14 15 26 31 16 42 20 33 16 34 8 4 14 24 31 27 26 23 31 27 17 9
36 29 40 44 36 59 34 34 33 38 36 33 58 37 36 41 65 40 35 29 40 37 40 35 36 34 38 40 37 44 38 32 49 36 34 36 30 29 63 39 42 52 49 52 63 42 37 47 14 41 47 38 21 42 38 26 36 35 48 36 37 21 33 35 29 36 48 34 0 35 30 31 49 60 58 38 51 30 60 38 45 33 59 35 56 27 39 44 62 38 32 44 13 40 14 38 39 43 55 47 39
36 18 31 39 14 52 29 23 7 34 31 29 51 19 29 36 58 30 30 19 37 13 31 8 25 7 11 31 11 40 33 21 45 30 29 15 20 19 54 17 39 41 32 46 52 33 33 36 28 37 29 32 21 34 34 36 31 28 43 23 26 35 6 32 18 34 37 29 35 0 18 27 38 49 50 35 46 11 53 29 41 36 50 31 45 15 12 40 55 34 27 40 27 18 31 27 28 32 48 40 34
29 5 16 32 11 38 22 9 16 28 19 22 36 10 17 30 43 16 21 7 30 11 16 12 11 14 17 17 13 32 26 7 36 18 22 9 7 6 39 12 33 26 23 32 37 18 22 21 24 30 21 20 15 22 27 29 18 15 30 10 11 31 15 26 7 27 22 20 31 18 0 19 24 35 36 28 34 9 39 14 30 29 36 24 31 8 18 33 40 27 21 28 23 14 26 13 14 18 33 26 22
24 18 15 16 26 32 5 22 24 18 6 6 30 26 8 13 37 15 5 16 20 27 16 25 24 24 29 15 27 16 10 21 21 8 7 26 17 16 37 29 24 38 37 24 49 17 8 34 21 13 35 10 12 13 10 25 8 8 19 23 17 34 24 19 17 18 35 3 31 25 20 0 37 36 31 18 22 21 34 13 17 24 32 14 42 17 30 17 36 10 4 16 21 30 24 26 22 31 29 19 11
48 25 25 45 31 28 40 21 36 46 34 41 30 27 32 46 34 26 37 26 49 31 24 32 17 34 37 24 34 44 40 22 48 33 41 29 26 25 26 30 51 13 28 34 24 26 37 12 42 46 26 34 33 33 40 48 34 29 36 22 24 50 35 44 26 46 9 36 50 39 24 37 0 22 26 47 38 30 29 25 42 48 23 43 18 27 38 50 29 42 39 36 41 32 45 23 21 9 27 33 34
57 36 29 34 42 15 36 32 47 50 32 38 17 37 29 39 17 28 33 37 51 42 28 43 27 45 48 28 44 35 33 32 38 30 39 40 37 36 7 41 57 12 40 22 22 26 31 26 53 40 38 29 44 26 34 58 30 29 26 32 33 61 46 51 37 51 14 35 60 50 35 36 22 0 13 51 26 41 14 28 33 57 10 47 17 38 49 44 10 35 35 26 52 42 56 33 31 23 13 22 27
52 35 24 29 43 6 31 34 48 45 27 33 11 40 24 34 9 23 28 35 46 43 23 44 32 46 49 23 46 30 28 34 33 25 34 41 34 35 11 44 52 20 45 17 30 21 26 31 50 35 43 24 41 21 29 53 25 24 21 35 28 58 47 46 35 46 18 30 57 50 36 31 26 12 0 46 20 42 4 23 28 52 9 42 24 38 50 39 9 30 30 21 49 45 52 36 29 28 8 17 22
18 27 31 25 34 45 17 32 32 3 23 14 43 34 25 17 50 31 20 27 6 34 33 33 34 32 37 32 35 25 22 30 30 24 13 33 28 26 52 36 11 49 47 36 60 34 24 44 28 17 45 25 20 29 21 18 24 25 33 34 33 41 31 6 26 5 45 20 38 33 28 18 47 51 46 0 33 28 48 30 27 18 47 4 54 24 37 18 51 21 17 28 28 38 30 36 37 41 43 33 26
39 32 22 10 41 16 19 32 42 33 20 20 13 38 20 18 19 21 18 31 32 41 23 42 34 43 47 23 43 11 17 31 14 20 21 39 31 31 27 42 39 31 47 7 42 22 17 40 40 18 45 19 31 15 15 40 20 20 9 34 26 52 42 34 31 33 30 20 50 44 34 22 38 27 20 32 0 39 19 21 9 40 23 30 36 34 48 20 26 17 19 8 39 43 42 36 30 37 16 12 15
29 10 22 33 7 44 23 14 8 28 24 23 42 11 22 30 49 22 24 10 31 7 22 7 17 7 11 23 8 34 27 13 39 23 23 8 11 10 45 9 33 32 25 38 43 24 27 27 24 31 22 25 15 27 28 30 24 20 35 14 17 32 8 26 10 27 28 23 31 11 9 21 30 41 42 29 39 0 45 20 35 30 42 25 37 8 13 34 46 28 21 33 23 11 27 18 20 24 39 32 27
54 38 27 28 46 4 33 37 51 47 30 35 9 43 27 36 7 26 30 37 48 46 25 47 34 49 52 26 48 28 30 36 31 28 36 44 37 38 12 46 54 22 48 16 32 24 28 33 52 35 45 27 43 24 30 55 28 26 22 38 31 60 50 48 38 48 21 33 60 53 39 34 29 13 4 48 19 45 0 25 27 54 12 44 26 40 53 38 8 31 32 21 52 48 55 39 32 31 10 17 25
35 15 3 20 22 24 18 14 28 30 12 18 22 19 8 21 30 2 13 14 32 23 4 24 15 25 28 3 25 20 15 13 24 10 19 21 13 14 27 23 36 26 29 18 37 5 12 23 31 22 27 9 22 8 16 35 10 6 16 15 7 39 26 31 14 30 24 14 39 30 16 14 25 27 22 30 21 22 25 0 17 35 23 27 30 18 30 25 26 17 16 14 31 24 34 18 10 19 20 12 9
33 28 19 4 37 25 13 29 37 26 15 14 21 34 16 12 27 18 13 27 26 38 20 38 31 37 42 20 40 3 10 28 7 15 15 36 27 27 32 38 33 37 44 15 47 19 12 40 35 11 42 14 26 12 8 34 14 16 12 30 23 47 37 28 27 27 35 15 44 38 30 16 42 32 27 26 9 34 27 18 0 33 28 23 41 30 43 14 31 11 14 7 34 40 37 33 27 36 22 14 10
6 27 34 32 34 52 23 33 32 18 27 20 50 35 28 26 56 34 25 27 20 35 36 34 35 32 37 35 36 32 28 30 38 28 20 34 28 27 57 37 16 50 48 42 61 37 28 45 21 27 45 30 21 33 27 8 28 28 38 34 35 38 32 15 27 16 46 25 33 34 29 23 47 56 51 18 40 29 54 33 34 0 52 15 55 25 38 27 56 27 21 35 23 38 21 36 38 41 49 39 31
53 37 25 30 43 11 33 33 48 46 28 35 13 38 25 35 17 24 29 36 47 43 24 44 28 46 49 24 45 31 29 33 34 26 36 41 35 36 14 42 53 16 41 19 27 22 27 27 51 36 39 25 42 22 30 54 26 25 23 33 29 59 47 48 36 47 15 31 58 51 36 32 23 10 9 47 22 42 12 24 29 53 0 43 20 39 50 40 13 32 31 22 50 43 53 34 30 24 10 18 24
14 23 28 21 30 42 14 28 28 4 19 10 40 31 21 13 46 28 16 23 7 30 29 29 30 28 33 28 31 22 18 26 27 21 9 30 24 23 48 33 10 46 43 32 56 30 20 41 25 14 41 21 16 25 17 15 20 21 29 30 30 38 28 5 23 4 42 16 34 29 24 15 43 48 43 4 30 24 44 26 23 15 44 0 50 21 34 14 47 17 13 24 24 34 26 32 33 37 39 29 22
55 32 32 44 38 26 44 29 44 54 39 46 28 34 35 48 32 31 40 34 57 39 29 40 24 42 45 29 41 44 42 29 47 37 47 37 34 33 22 38 59 5 37 32 15 27 39 22 50 48 34 36 41 35 42 56 37 34 36 29 32 57 43 52 34 53 10 42 57 47 32 42 18 17 24 54 36 38 27 31 42 56 21 51 0 35 46 52 25 44 43 36 49 39 53 30 29 20 25 31 36
25 7 18 29 13 39 19 12 13 24 19 18 38 15 17 26 45 18 20 6 26 14 19 13 14 12 16 19 14 30 23 10 35 18 19 14 7 6 43 16 29 30 27 33 40 21 22 24 20 26 25 20 11 22 23 26 18 15 30 14 14 27 13 22 6 23 26 19 27 16 8 16 27 38 37 24 34 8 40 17 30 26 38 21 34 0 18 29 42 23 17 28 19 17 23 16 17 21 35 27 22
39 19 30 43 12 51 33 22 8 38 34 32 50 16 32 40 57 30 34 21 41 10 30 7 24 8 4 30 8 44 37 20 49 33 33 14 21 20 53 14 43 40 30 45 51 32 37 35 34 41 26 35 25 35 38 40 34 29 43 23 25 40 7 36 20 37 36 33 40 12 18 31 37 48 49 39 48 13 52 28 44 40 49 35 44 18 0 43 54 38 31 41 32 15 36 25 28 31 47 40 36
27 32 27 12 38 35 13 35 36 17 19 13 32 39 22 7 38 26 16 31 16 39 28 38 38 36 41 28 40 12 14 34 17 20 12 38 31 31 44 41 24 48 51 26 58 27 17 47 34 6 48 19 25 21 13 27 20 22 23 37 30 46 36 18 31 18 46 15 44 38 33 17 50 43 38 17 20 33 38 25 14 27 39 14 52 29 42 0 43 13 14 19 33 43 37 39 35 44 34 25 19
56 40 29 34 47 12 36 39 53 50 32 38 16 44 28 39 11 28 32 39 50 48 27 49 35 51 53 27 50 34 33 38 37 29 39 46 39 39 7 48 56 20 48 22 29 25 30 34 54 39 46 28 45 25 33 57 29 28 26 40 32 62 52 51 40 50 21 35 62 55 41 36 29 10 9 50 25 47 8 27 32 57 13 47 24 42 55 43 0 35 35 26 54 50 57 40 34 31 13 21 27
26 24 19 10 32 29 5 27 30 19 11 7 27 33 14 7 34 18 8 23 19 33 20 31 30 30 35 20 33 10 6 27 15 12 8 32 23 23 36 35 25 40 43 20 51 19 9 40 28 8 40 11 19 13 4 26 12 14 16 29 23 40 30 20 24 19 39 8 37 31 26 9 42 35 31 20 18 27 31 18 12 26 31 16 44 23 36 12 35 0 7 12 27 36 30 31 27 36 27 17 11
23 20 17 13 27 31 4 24 24 17 7 5 29 27 11 11 35 17 4 18 19 27 18 26 26 25 29 18 28 14 7 23 19 9 6 26 19 19 36 29 23 38 39 22 49 18 8 37 22 11 37 9 13 12 8 24 8 11 17 25 19 34 24 18 19 17 37 4 32 26 21 4 39 35 30 17 20 21 33 15 15 24 31 13 43 17 30 15 35 8 0 14 22 31 25 28 24 33 28 18 10
34 26 16 10 34 18 13 26 36 27 13 15 16 31 14 15 22 15 12 24 27 35 16 36 28 36 40 16 37 9 11 25 14 14 16 33 25 25 25 35 33 30 41 9 41 16 10 34 34 16 39 12 25 8 9 34 13 14 5 27 20 46 36 28 25 28 28 14 43 37 27 15 36 25 20 28 8 32 20 14 7 34 21 24 34 27 42 20 25 11 13 0 33 37 36 30 23 30 15 7 8
26 21 31 33 27 50 23 26 25 27 25 22 48 28 25 30 55 31 24 20 29 28 31 26 28 25 30 31 29 33 27 23 38 25 23 27 21 20 54 30 31 43 41 41 54 34 26 38 4 30 39 27 10 31 27 16 25 25 37 27 28 17 25 24 20 25 39 23 12 26 22 20 40 52 49 27 40 22 51 29 34 23 50 24 48 18 31 33 53 27 21 33 0 32 6 29 31 34 46 37 28
39 16 25 43 6 47 33 12 15 38 30 32 45 6 28 40 52 25 32 17 41 7 25 11 18 13 15 26 10 42 37 13 46 29 33 8 17 16 47 4 43 34 17 41 45 27 34 28 34 41 14 32 25 31 37 40 29 25 39 13 20 41 14 36 17 37 30 31 41 18 14 31 31 43 45 39 43 11 47 23 40 40 43 35 39 18 16 43 49 38 31 37 33 0 37 15 22 25 42 35 31
25 25 35 37 32 54 27 30 29 30 29 26 52 33 29 34 59 35 28 25 32 32 36 31 32 30 35 35 33 37 31 28 42 29 27 32 26 25 58 35 34 48 45 45 58 38 31 42 3 34 43 31 14 35 31 15 29 29 41 32 32 22 29 27 25 28 44 27 14 31 26 24 45 56 53 30 44 26 55 33 38 22 54 27 52 23 35 37 57 31 25 38 7 36 0 34 35 39 50 41 33
37 14 19 36 16 38 30 7 24 36 24 30 37 9 21 36 44 19 26 16 38 16 18 20 7 22 24 18 20 35 31 10 40 22 31 16 15 15 38 13 41 25 15 34 36 20 27 18 32 37 13 25 23 24 32 38 23 18 32 6 14 39 23 34 15 35 21 26 39 26 14 26 23 34 36 36 37 17 39 17 33 37 34 33 30 16 25 41 41 32 28 30 31 15 34 0 13 17 34 29 25
38 15 10 29 21 31 26 11 26 36 20 26 30 17 17 30 37 10 22 16 39 22 8 22 8 24 27 9 24 29 24 12 33 18 27 19 15 15 34 20 41 24 23 26 35 11 21 19 32 31 20 18 24 17 25 38 19 14 25 12 8 40 25 35 16 36 20 22 40 29 14 22 21 31 29 37 30 20 32 10 27 38 30 33 28 17 28 35 33 26 24 23 32 22 35 12 0 15 27 20 18
41 19 19 39 25 30 34 15 30 40 28 34 32 20 25 39 35 19 30 20 43 25 18 26 10 28 31 18 27 38 33 15 42 27 35 23 20 19 28 24 45 15 21 33 25 20 30 7 36 40 19 27 27 26 34 42 27 23 30 16 18 44 29 38 20 39 11 30 43 33 18 30 9 23 28 41 36 24 31 19 36 42 24 37 19 21 32 44 31 36 32 30 35 25 39 16 15 0 28 27 27
49 33 22 24 41 7 28 32 46 42 25 30 6 38 22 31 13 21 24 32 42 41 20 42 30 44 47 21 43 24 25 31 27 23 31 39 32 33 16 42 48 22 44 12 33 19 23 33 47 31 42 22 38 19 25 49 23 22 17 33 26 56 45 43 33 42 21 27 55 48 34 29 29 15 10 43 16 40 9 20 23 49 11 39 26 36 48 34 15 26 27 16 47 43 50 34 27 30 0 12 20
38 25 14 16 33 17 18 24 38 32 14 20 15 30 14 21 22 13 14 24 32 33 14 34 25 36 39 14 35 15 15 23 19 14 21 31 24 24 24 34 38 28 40 8 39 13 13 31 37 21 37 13 28 8 15 39 13 13 6 26 18 47 37 33 25 32 27 17 47 40 26 19 33 23 18 32 12 32 19 13 13 39 19 29 32 27 40 25 23 17 17 6 37 35 40 28 21 28 14 0 10
32 20 11 13 29 23 12 20 32 25 6 14 21 26 7 14 29 10 7 18 26 29 11 30 22 31 35 11 31 13 8 19 17 7 15 27 18 18 27 29 32 31 35 15 42 11 5 31 30 15 33 5 21 4 9 33 6 7 11 22 14 41 32 27 19 26 30 10 40 34 21 11 33 27 22 26 15 26 25 9 11 32 23 22 36 21 36 19 26 11 10 8 30 31 33 24 18 27 20 10 0
EOF